================================================================================= 
=== UFF - Doutorado em Computação - Aplicaçoes em Sistemas de Potencia        === 
=== ESTIMADOR DE ESTADO MÍNIMOS QUADRADOS PONDERADOS INCLUINDO MEDIDAS DE PMU === 
=== Desenvolvido por: Rui Menezes de Moraes - 2009                            === 
================================================================================= 
Arquivo de medidores:          .\med\CS1_39M_PMU_V_Marcio.med
Arquivo do sistema:            .\sist\ieee14.cdf
Tolerância entre iteraçoes:    1.00e-005
Limite de iteraçoes:           10

--- DADOS DA REDE --------------------------------------------------------------- 
Data do caso:                  08/19/93
Origem:                        UW ARCHIVE          
MVA base:                      100
Ano:                           1962
Estação:                       W
Identificação:                 IEEE 14 Bus Test Case
Número de barras:              14 
Número de ramos:               20 
Referência na barra:           1

--- TELEMEDIDAS ------------------------------------------------------------------
    Tipo 1 = Fluxo de potencia ativa        Tipo  6 = Módulo da tensão            
    Tipo 2 = Injeção de potencia ativa      Tipo  7 = Corrente de ramo (real)     
    Tipo 3 = Ângulo de fase da tensão       Tipo  8 = Corrente de ramo (imag)     
    Tipo 4 = Fluxo de potencia reativa      Tipo  9 = Injeção de corrente (real)  
    Tipo 5 = Injeção de potencia reativa    Tipo 10 = Injeção de corrente (imag)  
----------------------------------------------------------------------------------
   N    D    P TP  PN ST   Exa   FS       DP      V_Ref      V_Med          E(%) 
----------------------------------------------------------------------------------
   1    1    2  1   0  0 0.020 01.0  0.00015   +1.56805   +1.56277     -0.336724 
   2    1    5  1   0  0 0.020 01.0  0.00005   +0.75460   +0.74333     -1.493506 
   3    2    3  1   0  0 0.020 01.0  0.00004   +0.73305   +0.73388     +0.113226 
   4    4    7  1   0  0 0.020 01.0  0.00001   +0.28126   +0.28230     +0.369765 
   5    4    9  1   0  0 0.020 01.0  0.00001   +0.16101   +0.15779     -1.999876 
   6    5    2  1   0  0 0.020 01.0  0.00002   -0.40536   -0.40007     -1.305013 
   7    6   11  1   0  0 0.020 01.0  0.00001   +0.07337   +0.07601     +3.598201 
   8    6   12  1   0  0 0.020 01.0  0.00001   +0.07850   +0.07841     -0.114650 
   9    6   13  1   0  0 0.020 01.0  0.00001   +0.17927   +0.18023     +0.535505 
  10    7    8  1   0  0 0.020 01.0  0.00000   +0.00000   +0.00030     +0.000000 
  11    8    7  1   0  0 0.020 01.0  0.00000   +0.00000   -0.00032     +0.000000 
  12    9   10  1   0  0 0.020 01.0  0.00000   +0.05275   +0.05426     +2.862559 
  13    9   14  1   0  0 0.020 01.0  0.00001   +0.09340   +0.09201     -1.488223 
  14   12   13  1   0  0 0.020 01.0  0.00000   +0.01662   +0.02064    +24.187726 
  15    0    3  2   0  0 0.020 01.0  0.00006   -0.94406   -0.94516     +0.116518 
  16    0    6  2   0  0 0.020 01.0  0.00001   -0.11019   -0.10990     -0.263182 
  17    0    9  2   0  0 0.020 01.0  0.00001   -0.29595   -0.29200     -1.334685 
  18    0   10  2   0  0 0.020 01.0  0.00001   -0.09091   -0.09077     -0.153998 
  19    0   13  2   0  0 0.020 01.0  0.00001   -0.13855   -0.13880     +0.180440 
  20    0    1  6   0  0 0.015 01.1  0.00003   +1.06000   +1.05559     -0.416038 
  21    1    2  4   0  0 0.020 01.0  0.00001   -0.20386   -0.20295     -0.446385 
  22    1    5  4   0  0 0.020 01.0  0.00000   +0.03634   +0.03370     -7.264722 
  23    2    3  4   0  0 0.020 01.0  0.00000   +0.03554   +0.03694     +3.939223 
  24    4    7  4   0  0 0.020 01.0  0.00001   -0.09754   -0.09367     -3.967603 
  25    4    9  4   0  0 0.020 01.0  0.00000   -0.00375   -0.00497    +32.533333 
  26    5    2  4   0  0 0.020 01.0  0.00000   -0.01848   -0.01689     -8.603896 
  27    6   11  4   0  0 0.020 01.0  0.00000   +0.03518   +0.03765     +7.021035 
  28    6   12  4   0  0 0.020 01.0  0.00000   +0.02552   +0.02249    -11.873041 
  29    6   13  4   0  0 0.020 01.0  0.00001   +0.07440   +0.07119     -4.314516 
  30    7    8  4   0  0 0.020 01.0  0.00001   -0.16881   -0.16718     -0.965583 
  31    8    7  4   0  0 0.020 01.0  0.00001   +0.17326   +0.17211     -0.663742 
  32    9   10  4   0  0 0.020 01.0  0.00000   +0.04268   +0.04407     +3.256795 
  33    9   14  4   0  0 0.020 01.0  0.00000   +0.03494   +0.03654     +4.579279 
  34   12   13  4   0  0 0.020 01.0  0.00000   +0.00803   +0.00930    +15.815691 
  35    0    3  5   0  0 0.020 01.0  0.00001   +0.05965   +0.06240     +4.610226 
  36    0    6  5   0  0 0.020 01.0  0.00000   +0.05243   +0.05382     +2.651154 
  37    0    9  5   0  0 0.020 01.0  0.00000   -0.17115   -0.17388     +1.595092 
  38    0   10  5   0  0 0.020 01.0  0.00001   -0.05872   -0.06127     +4.342643 
  39    0   13  5   0  0 0.020 01.0  0.00001   -0.06255   -0.06259     +0.063949 
  40    0    1  3   1  1 0.020 01.0  0.00000   +0.00000   -0.00002     +0.000000 
  41    0    1  6   1  1 0.010 01.0  0.00003   +1.06000   +1.05559     -0.416038 
  42    0    2  3   2  0 0.020 01.0  0.00000   -0.08692   -0.08694     +0.023010 
  43    0    2  6   2  0 0.010 01.0  0.00000   +1.04500   +1.04304     -0.187560 
  44    0    3  3   3  1 0.020 01.0  0.00000   -0.22218   -0.22206     -0.054010 
  45    0    3  6   3  1 0.010 01.0  0.00000   +1.01000   +1.00401     -0.593069 
  46    0    4  3   4  1 0.020 01.0  0.00000   -0.17994   -0.17994     +0.000000 
  47    0    4  6   4  1 0.010 01.0  0.00000   +1.01800   +1.01263     -0.527505 
  48    0    5  3   5  0 0.020 01.0  0.00000   -0.15307   -0.15308     +0.006533 
  49    0    5  6   5  0 0.010 01.0  0.00000   +1.02000   +1.02751     +0.736275 
  50    0    6  3   6  0 0.020 01.0  0.00000   -0.24819   -0.24828     +0.036263 
  51    0    6  6   6  0 0.010 01.0  0.00000   +1.07000   +1.07030     +0.028037 
  52    0    7  3   7  1 0.020 01.0  0.00000   -0.23318   -0.23314     -0.017154 
  53    0    7  6   7  1 0.010 01.0  0.00000   +1.06200   +1.05554     -0.608286 
  54    0    8  3   8  1 0.020 01.0  0.00000   -0.23318   -0.23333     +0.064328 
  55    0    8  6   8  1 0.010 01.0  0.00000   +1.09000   +1.08978     -0.020183 
  56    0    9  3   9  1 0.020 01.0  0.00000   -0.26075   -0.26067     -0.030681 
  57    0    9  6   9  1 0.010 01.0  0.00000   +1.05600   +1.05004     -0.564394 
  58    0   10  3  10  1 0.020 01.0  0.00000   -0.26354   -0.26336     -0.068301 
  59    0   10  6  10  1 0.010 01.0  0.00000   +1.05100   +1.04391     -0.674596 
  60    0   11  3  11  1 0.020 01.0  0.00000   -0.25813   -0.25821     +0.030992 
  61    0   11  6  11  1 0.010 01.0  0.00000   +1.05700   +1.05562     -0.130558 
  62    0   12  3  12  1 0.020 01.0  0.00000   -0.26320   -0.26310     -0.037994 
  63    0   12  6  12  1 0.010 01.0  0.00000   +1.05500   +1.06003     +0.476777 
  64    0   13  3  13  1 0.020 01.0  0.00000   -0.26459   -0.26445     -0.052912 
  65    0   13  6  13  1 0.010 01.0  0.00000   +1.05000   +1.05068     +0.064762 
  66    0   14  3  14  1 0.020 01.0  0.00000   -0.27978   -0.27996     +0.064336 
  67    0   14  6  14  1 0.010 01.0  0.00000   +1.03600   +1.03940     +0.328185 
----------------------------------------------------------------------------------
Número de medidores SCADA:     39
Número de PMUs:                14
Número de medidas das PMUs:    28
----------------------------------------------------------------------------------

Matriz de pesos formada com as covariâncias das telemedidas.
Medidas de ângulo: 
Barra: 2
Barra: 5
Barra: 6
Medidores desabilitados:
Medidor 40.
Medidor 41.
Medidor 44.
Medidor 45.
Medidor 46.
Medidor 47.
Medidor 52.
Medidor 53.
Medidor 54.
Medidor 55.
Medidor 56.
Medidor 57.
Medidor 58.
Medidor 59.
Medidor 60.
Medidor 61.
Medidor 62.
Medidor 63.
Medidor 64.
Medidor 65.
Medidor 66.
Medidor 67.
============= Estado Ref =============== Estado Est ================ TVE =========
Barra     Mod(pu)    Ang(graus)      Mod(pu)   Ang(graus)            (%)         
----------------------------------------------------------------------------------
   1       1.0600         0.00        1.0596        -0.04          0.0786 
   2       1.0450        -4.98        1.0430        -4.98          0.1876 
   3       1.0100       -12.73        1.0096       -12.77          0.0729 
   4       1.0180       -10.31        1.0174       -10.33          0.0672 
   5       1.0200        -8.77        1.0275        -8.77          0.7363 
   6       1.0700       -14.22        1.0703       -14.23          0.0296 
   7       1.0620       -13.36        1.0611       -13.39          0.1003 
   8       1.0900       -13.36        1.0889       -13.39          0.1167 
   9       1.0560       -14.94        1.0550       -14.95          0.0993 
  10       1.0510       -15.10        1.0499       -15.11          0.1058 
  11       1.0570       -14.79        1.0563       -14.81          0.0738 
  12       1.0550       -15.08        1.0561       -15.08          0.1025 
  13       1.0500       -15.16        1.0502       -15.16          0.0217 
  14       1.0360       -16.03        1.0350       -16.02          0.0933 
----------------------------------------------------------------------------------
Convergiu em:    3 iteraçoes com TVE medio de     0.1347 
----------------------------------------------------------------------------------
--- RESIDUOS NORMALIZADOS --------------------------------------------------------
--- Fluxo de potencia ativa     --------------------------------------------------
   N    D    P  TP      Real     Medido   Estimado      Med-Est        rn 
----------------------------------------------------------------------------------
   6    5    2  1    -0.4054    -0.4001    -0.3911  -9.0103e-003      2.198 
  12    9   10  1    +0.0527    +0.0543    +0.0533  +9.2223e-004      1.220 
  14   12   13  1    +0.0166    +0.0206    +0.0190  +1.6178e-003      1.198 
   5    4    9  1    +0.1610    +0.1578    +0.1602  -2.4558e-003      0.977 
   2    1    5  1    +0.7546    +0.7433    +0.7478  -4.4555e-003      0.750 
   8    6   12  1    +0.0785    +0.0784    +0.0771  +1.3294e-003      0.750 
   4    4    7  1    +0.2813    +0.2823    +0.2814  +8.7072e-004      0.607 
   7    6   11  1    +0.0734    +0.0760    +0.0766  -5.8580e-004      0.467 
  13    9   14  1    +0.0934    +0.0920    +0.0924  -3.7624e-004      0.455 
   9    6   13  1    +0.1793    +0.1802    +0.1795  +7.1705e-004      0.281 
   3    2    3  1    +0.7330    +0.7339    +0.7326  +1.2348e-003      0.233 
   1    1    2  1    +1.5680    +1.5628    +1.5615  +1.2787e-003      0.231 
  10    7    8  1    +0.0000    +0.0003    +0.0003  -1.0004e-005      0.008 
  11    8    7  1    +0.0000    -0.0003    -0.0003  -9.9959e-006      0.008 
--- Injeção de potencia ativa   --------------------------------------------------
   N    D    P  TP      Real     Medido   Estimado      Med-Est        rn 
----------------------------------------------------------------------------------
  16    0    6  2    -0.1102    -0.1099    -0.1119  +1.9735e-003      1.624 
  19    0   13  2    -0.1386    -0.1388    -0.1402  +1.4148e-003      1.112 
  18    0   10  2    -0.0909    -0.0908    -0.0914  +6.1877e-004      1.043 
  17    0    9  2    -0.2959    -0.2920    -0.2913  -6.7139e-004      0.867 
  15    0    3  2    -0.9441    -0.9452    -0.9443  -9.0084e-004      0.220 
--- Ângulo de fase da tensão    --------------------------------------------------
   N    D    P  TP      Real     Medido   Estimado      Med-Est        rn 
----------------------------------------------------------------------------------
  50    0    6  3    -0.2482    -0.2483    -0.2483  +0.0000e+000      0.000 
  48    0    5  3    -0.1531    -0.1531    -0.1531  +0.0000e+000      0.000 
  42    0    2  3    -0.0869    -0.0869    -0.0869  +0.0000e+000      0.000 
--- Fluxo de potencia reativa   --------------------------------------------------
   N    D    P  TP      Real     Medido   Estimado      Med-Est        rn 
----------------------------------------------------------------------------------
  26    5    2  4    -0.0185    -0.0169    +0.0315  -4.8412e-002     43.046 
  21    1    2  4    -0.2039    -0.2029    -0.1757  -2.7276e-002     28.820 
  22    1    5  4    +0.0363    +0.0337    +0.0001  +3.3596e-002     23.258 
  23    2    3  4    +0.0355    +0.0369    +0.0274  +9.5677e-003     11.611 
  29    6   13  4    +0.0744    +0.0712    +0.0750  -3.8471e-003      2.164 
  33    9   14  4    +0.0349    +0.0365    +0.0350  +1.5269e-003      2.117 
  24    4    7  4    -0.0975    -0.0937    -0.0957  +2.0214e-003      2.110 
  27    6   11  4    +0.0352    +0.0377    +0.0390  -1.3516e-003      1.336 
  25    4    9  4    -0.0037    -0.0050    -0.0029  -2.0530e-003      1.321 
  32    9   10  4    +0.0427    +0.0441    +0.0431  +9.4211e-004      0.924 
  34   12   13  4    +0.0080    +0.0093    +0.0100  -6.8095e-004      0.509 
  28    6   12  4    +0.0255    +0.0225    +0.0230  -4.6287e-004      0.360 
  30    7    8  4    -0.1688    -0.1672    -0.1675  +2.7521e-004      0.134 
  31    8    7  4    +0.1733    +0.1721    +0.1718  +2.6758e-004      0.134 
--- Injeção de potencia reativa --------------------------------------------------
   N    D    P  TP      Real     Medido   Estimado      Med-Est        rn 
----------------------------------------------------------------------------------
  36    0    6  5    +0.0524    +0.0538    +0.0215  +3.2286e-002     55.076 
  35    0    3  5    +0.0597    +0.0624    +0.0694  -6.9702e-003     14.831 
  37    0    9  5    -0.1712    -0.1739    -0.1723  -1.5504e-003      2.076 
  39    0   13  5    -0.0625    -0.0626    -0.0620  -5.7933e-004      0.607 
  38    0   10  5    -0.0587    -0.0613    -0.0614  +1.3664e-004      0.201 
--- Módulo da tensão            --------------------------------------------------
   N    D    P  TP      Real     Medido   Estimado      Med-Est        rn 
----------------------------------------------------------------------------------
  20    0    1  6    +1.0600    +1.0556    +1.0596  -3.9764e-003      0.793 
  51    0    6  6    +1.0700    +1.0703    +1.0703  +0.0000e+000      0.000 
  49    0    5  6    +1.0200    +1.0275    +1.0275  +0.0000e+000      0.000 
  43    0    2  6    +1.0450    +1.0430    +1.0430  +0.0000e+000      0.000 
----------------------------------------------------------------------------------
Possível erro grosseiro no medidor 36!
Não foram identificadas medidas críticas.
Possíveis conjuntos críticos:
Conjunto 1: 11 10
Conjunto 2: 31 30
Conjunto 3: 39 4
Conjunto 4: 8 2
Conjunto 5: 24 33
Medidas com alta correlação: 11 e 10 
Medidas com alta correlação: 31 e 30 
