================================================================================= 
=== UFF - Doutorado em Computação - Aplicaçoes em Sistemas de Potencia        === 
=== ESTIMADOR DE ESTADO MÍNIMOS QUADRADOS PONDERADOS INCLUINDO MEDIDAS DE PMU === 
=== Desenvolvido por: Rui Menezes de Moraes - 2009                            === 
================================================================================= 
Arquivo de medidores:          .\med\CS1_39M_PMU_V_Rui.med
Arquivo do sistema:            .\sist\ieee14.cdf
Tolerância entre iteraçoes:    1.00e-005
Limite de iteraçoes:           10

--- DADOS DA REDE --------------------------------------------------------------- 
Data do caso:                  08/19/93
Origem:                        UW ARCHIVE          
MVA base:                      100
Ano:                           1962
Estação:                       W
Identificação:                 IEEE 14 Bus Test Case
Número de barras:              14 
Número de ramos:               20 
Referência na barra:           1

--- TELEMEDIDAS ------------------------------------------------------------------
    Tipo 1 = Fluxo de potencia ativa        Tipo  6 = Módulo da tensão            
    Tipo 2 = Injeção de potencia ativa      Tipo  7 = Corrente de ramo (real)     
    Tipo 3 = Ângulo de fase da tensão       Tipo  8 = Corrente de ramo (imag)     
    Tipo 4 = Fluxo de potencia reativa      Tipo  9 = Injeção de corrente (real)  
    Tipo 5 = Injeção de potencia reativa    Tipo 10 = Injeção de corrente (imag)  
----------------------------------------------------------------------------------
   N    D    P TP  PN ST   Exa   FS       DP      V_Ref      V_Med          E(%) 
----------------------------------------------------------------------------------
   1    1    2  1   0  0 0.020 01.0  0.00015   +1.56805   +1.56277     -0.336724 
   2    1    5  1   0  0 0.020 01.0  0.00005   +0.75460   +0.74333     -1.493506 
   3    2    3  1   0  0 0.020 01.0  0.00004   +0.73305   +0.73388     +0.113226 
   4    4    7  1   0  0 0.020 01.0  0.00001   +0.28126   +0.28230     +0.369765 
   5    4    9  1   0  0 0.020 01.0  0.00001   +0.16101   +0.15779     -1.999876 
   6    5    2  1   0  0 0.020 01.0  0.00002   -0.40536   -0.40007     -1.305013 
   7    6   11  1   0  0 0.020 01.0  0.00001   +0.07337   +0.07601     +3.598201 
   8    6   12  1   0  0 0.020 01.0  0.00001   +0.07850   +0.07841     -0.114650 
   9    6   13  1   0  0 0.020 01.0  0.00001   +0.17927   +0.18023     +0.535505 
  10    7    8  1   0  0 0.020 01.0  0.00000   +0.00000   +0.00030     +0.000000 
  11    8    7  1   0  0 0.020 01.0  0.00000   +0.00000   -0.00032     +0.000000 
  12    9   10  1   0  0 0.020 01.0  0.00000   +0.05275   +0.05426     +2.862559 
  13    9   14  1   0  0 0.020 01.0  0.00001   +0.09340   +0.09201     -1.488223 
  14   12   13  1   0  0 0.020 01.0  0.00000   +0.01662   +0.02064    +24.187726 
  15    0    3  2   0  0 0.020 01.0  0.00006   -0.94406   -0.94516     +0.116518 
  16    0    6  2   0  0 0.020 01.0  0.00001   -0.11019   -0.10990     -0.263182 
  17    0    9  2   0  0 0.020 01.0  0.00001   -0.29595   -0.29200     -1.334685 
  18    0   10  2   0  0 0.020 01.0  0.00001   -0.09091   -0.09077     -0.153998 
  19    0   13  2   0  0 0.020 01.0  0.00001   -0.13855   -0.13880     +0.180440 
  20    0    1  6   0  0 0.015 01.1  0.00003   +1.06000   +1.05948     -0.049057 
  21    1    2  4   0  0 0.020 01.0  0.00001   -0.20386   -0.20295     -0.446385 
  22    1    5  4   0  0 0.020 01.0  0.00000   +0.03634   +0.03370     -7.264722 
  23    2    3  4   0  0 0.020 01.0  0.00000   +0.03554   +0.03694     +3.939223 
  24    4    7  4   0  0 0.020 01.0  0.00001   -0.09754   -0.09367     -3.967603 
  25    4    9  4   0  0 0.020 01.0  0.00000   -0.00375   -0.00497    +32.533333 
  26    5    2  4   0  0 0.020 01.0  0.00000   -0.01848   -0.01689     -8.603896 
  27    6   11  4   0  0 0.020 01.0  0.00000   +0.03518   +0.03765     +7.021035 
  28    6   12  4   0  0 0.020 01.0  0.00000   +0.02552   +0.02249    -11.873041 
  29    6   13  4   0  0 0.020 01.0  0.00001   +0.07440   +0.07119     -4.314516 
  30    7    8  4   0  0 0.020 01.0  0.00001   -0.16881   -0.16718     -0.965583 
  31    8    7  4   0  0 0.020 01.0  0.00001   +0.17326   +0.17211     -0.663742 
  32    9   10  4   0  0 0.020 01.0  0.00000   +0.04268   +0.04407     +3.256795 
  33    9   14  4   0  0 0.020 01.0  0.00000   +0.03494   +0.03654     +4.579279 
  34   12   13  4   0  0 0.020 01.0  0.00000   +0.00803   +0.00930    +15.815691 
  35    0    3  5   0  0 0.020 01.0  0.00001   +0.05965   +0.06240     +4.610226 
  36    0    6  5   0  0 0.020 01.0  0.00000   +0.05243   +0.05382     +2.651154 
  37    0    9  5   0  0 0.020 01.0  0.00000   -0.17115   -0.17388     +1.595092 
  38    0   10  5   0  0 0.020 01.0  0.00001   -0.05872   -0.06127     +4.342643 
  39    0   13  5   0  0 0.020 01.0  0.00001   -0.06255   -0.06259     +0.063949 
  40    0    1  3   1  1 0.020 01.0  0.00000   +0.00000   -0.00002     +0.000000 
  41    0    1  6   1  1 0.010 01.0  0.00003   +1.06000   +1.05948     -0.049057 
  42    0    2  3   2  0 0.020 01.0  0.00000   -0.08692   -0.08682     -0.115048 
  43    0    2  6   2  0 0.010 01.0  0.00000   +1.04500   +1.04146     -0.338756 
  44    0    3  3   3  1 0.020 01.0  0.00000   -0.22218   -0.22232     +0.063012 
  45    0    3  6   3  1 0.010 01.0  0.00000   +1.01000   +1.00915     -0.084158 
  46    0    4  3   4  1 0.020 01.0  0.00000   -0.17994   -0.17989     -0.027787 
  47    0    4  6   4  1 0.010 01.0  0.00000   +1.01800   +1.01326     -0.465619 
  48    0    5  3   5  0 0.020 01.0  0.00000   -0.15307   -0.15328     +0.137192 
  49    0    5  6   5  0 0.010 01.0  0.00000   +1.02000   +1.02632     +0.619608 
  50    0    6  3   6  0 0.020 01.0  0.00000   -0.24819   -0.24815     -0.016117 
  51    0    6  6   6  0 0.010 01.0  0.00000   +1.07000   +1.06917     -0.077570 
  52    0    7  3   7  1 0.020 01.0  0.00000   -0.23318   -0.23314     -0.017154 
  53    0    7  6   7  1 0.010 01.0  0.00000   +1.06200   +1.05550     -0.612053 
  54    0    8  3   8  1 0.020 01.0  0.00000   -0.23318   -0.23308     -0.042885 
  55    0    8  6   8  1 0.010 01.0  0.00000   +1.09000   +1.08682     -0.291743 
  56    0    9  3   9  1 0.020 01.0  0.00000   -0.26075   -0.26087     +0.046021 
  57    0    9  6   9  1 0.010 01.0  0.00000   +1.05600   +1.05280     -0.303030 
  58    0   10  3  10  1 0.020 01.0  0.00000   -0.26354   -0.26353     -0.003794 
  59    0   10  6  10  1 0.010 01.0  0.00000   +1.05100   +1.05495     +0.375833 
  60    0   11  3  11  1 0.020 01.0  0.00000   -0.25813   -0.25831     +0.069732 
  61    0   11  6  11  1 0.010 01.0  0.00000   +1.05700   +1.05755     +0.052034 
  62    0   12  3  12  1 0.020 01.0  0.00000   -0.26320   -0.26322     +0.007599 
  63    0   12  6  12  1 0.010 01.0  0.00000   +1.05500   +1.05516     +0.015166 
  64    0   13  3  13  1 0.020 01.0  0.00000   -0.26459   -0.26468     +0.034015 
  65    0   13  6  13  1 0.010 01.0  0.00000   +1.05000   +1.05184     +0.175238 
  66    0   14  3  14  1 0.020 01.0  0.00000   -0.27978   -0.27981     +0.010723 
  67    0   14  6  14  1 0.010 01.0  0.00000   +1.03600   +1.03881     +0.271236 
----------------------------------------------------------------------------------
Número de medidores SCADA:     39
Número de PMUs:                14
Número de medidas das PMUs:    28
----------------------------------------------------------------------------------

Matriz de pesos formada com as covariâncias das telemedidas.
Medidas de ângulo: 
Barra: 2
Barra: 5
Barra: 6
Medidores desabilitados:
Medidor 40.
Medidor 41.
Medidor 44.
Medidor 45.
Medidor 46.
Medidor 47.
Medidor 52.
Medidor 53.
Medidor 54.
Medidor 55.
Medidor 56.
Medidor 57.
Medidor 58.
Medidor 59.
Medidor 60.
Medidor 61.
Medidor 62.
Medidor 63.
Medidor 64.
Medidor 65.
Medidor 66.
Medidor 67.
============= Estado Ref =============== Estado Est ================ TVE =========
Barra     Mod(pu)    Ang(graus)      Mod(pu)   Ang(graus)            (%)         
----------------------------------------------------------------------------------
   1       1.0600         0.00        1.0591        -0.03          0.1031 
   2       1.0450        -4.98        1.0442        -4.98          0.0762 
   3       1.0100       -12.73        1.0091       -12.76          0.1018 
   4       1.0180       -10.31        1.0170       -10.32          0.0997 
   5       1.0200        -8.77        1.0195        -8.78          0.0472 
   6       1.0700       -14.22        1.0696       -14.22          0.0350 
   7       1.0620       -13.36        1.0606       -13.38          0.1326 
   8       1.0900       -13.36        1.0884       -13.38          0.1473 
   9       1.0560       -14.94        1.0545       -14.94          0.1443 
  10       1.0510       -15.10        1.0494       -15.10          0.1512 
  11       1.0570       -14.79        1.0558       -14.80          0.1152 
  12       1.0550       -15.08        1.0556       -15.07          0.0555 
  13       1.0500       -15.16        1.0497       -15.16          0.0322 
  14       1.0360       -16.03        1.0346       -16.01          0.1426 
----------------------------------------------------------------------------------
Convergiu em:    3 iteraçoes com TVE medio de     0.0988 
----------------------------------------------------------------------------------
--- RESIDUOS NORMALIZADOS --------------------------------------------------------
--- Fluxo de potencia ativa     --------------------------------------------------
   N    D    P  TP      Real     Medido   Estimado      Med-Est        rn 
----------------------------------------------------------------------------------
   1    1    2  1    +1.5680    +1.5628    +1.5546  +8.1217e-003      1.473 
   2    1    5  1    +0.7546    +0.7433    +0.7514  -8.0773e-003      1.358 
   6    5    2  1    -0.4054    -0.4001    -0.4055  +5.4590e-003      1.331 
  12    9   10  1    +0.0527    +0.0543    +0.0534  +8.7484e-004      1.157 
  14   12   13  1    +0.0166    +0.0206    +0.0191  +1.5067e-003      1.116 
   8    6   12  1    +0.0785    +0.0784    +0.0765  +1.9077e-003      1.076 
   5    4    9  1    +0.1610    +0.1578    +0.1602  -2.4164e-003      0.962 
   4    4    7  1    +0.2813    +0.2823    +0.2814  +9.3403e-004      0.651 
   9    6   13  1    +0.1793    +0.1802    +0.1786  +1.6205e-003      0.634 
  13    9   14  1    +0.0934    +0.0920    +0.0923  -2.6419e-004      0.319 
   3    2    3  1    +0.7330    +0.7339    +0.7351  -1.1944e-003      0.226 
   7    6   11  1    +0.0734    +0.0760    +0.0759  +1.3864e-004      0.111 
  10    7    8  1    +0.0000    +0.0003    +0.0003  -1.0004e-005      0.008 
  11    8    7  1    +0.0000    -0.0003    -0.0003  -9.9961e-006      0.008 
--- Injeção de potencia ativa   --------------------------------------------------
   N    D    P  TP      Real     Medido   Estimado      Med-Est        rn 
----------------------------------------------------------------------------------
  18    0   10  2    -0.0909    -0.0908    -0.0913  +5.6691e-004      0.955 
  17    0    9  2    -0.2959    -0.2920    -0.2913  -7.0405e-004      0.909 
  19    0   13  2    -0.1386    -0.1388    -0.1397  +8.8190e-004      0.693 
  16    0    6  2    -0.1102    -0.1099    -0.1091  -8.2376e-004      0.677 
  15    0    3  2    -0.9441    -0.9452    -0.9473  +2.1265e-003      0.519 
--- Ângulo de fase da tensão    --------------------------------------------------
   N    D    P  TP      Real     Medido   Estimado      Med-Est        rn 
----------------------------------------------------------------------------------
  42    0    2  3    -0.0869    -0.0868    -0.0869  +3.9037e-005      1.947 
  48    0    5  3    -0.1531    -0.1533    -0.1532  -4.6276e-005      1.912 
  50    0    6  3    -0.2482    -0.2482    -0.2482  +7.2395e-006      0.544 
--- Fluxo de potencia reativa   --------------------------------------------------
   N    D    P  TP      Real     Medido   Estimado      Med-Est        rn 
----------------------------------------------------------------------------------
  33    9   14  4    +0.0349    +0.0365    +0.0350  +1.5144e-003      2.100 
  24    4    7  4    -0.0975    -0.0937    -0.0957  +2.0072e-003      2.094 
  29    6   13  4    +0.0744    +0.0712    +0.0743  -3.0923e-003      1.740 
  23    2    3  4    +0.0355    +0.0369    +0.0357  +1.2258e-003      1.487 
  25    4    9  4    -0.0037    -0.0050    -0.0029  -2.0934e-003      1.347 
  32    9   10  4    +0.0427    +0.0441    +0.0432  +8.7512e-004      0.858 
  27    6   11  4    +0.0352    +0.0377    +0.0385  -8.0410e-004      0.796 
  26    5    2  4    -0.0185    -0.0169    -0.0163  -6.3794e-004      0.563 
  34   12   13  4    +0.0080    +0.0093    +0.0099  -6.4776e-004      0.485 
  22    1    5  4    +0.0363    +0.0337    +0.0343  -6.2339e-004      0.434 
  21    1    2  4    -0.2039    -0.2029    -0.2033  +3.9879e-004      0.421 
  31    8    7  4    +0.1733    +0.1721    +0.1718  +2.6578e-004      0.133 
  30    7    8  4    -0.1688    -0.1672    -0.1675  +2.7336e-004      0.133 
  28    6   12  4    +0.0255    +0.0225    +0.0225  -5.3820e-005      0.042 
--- Injeção de potencia reativa --------------------------------------------------
   N    D    P  TP      Real     Medido   Estimado      Med-Est        rn 
----------------------------------------------------------------------------------
  37    0    9  5    -0.1712    -0.1739    -0.1723  -1.5376e-003      2.058 
  35    0    3  5    +0.0597    +0.0624    +0.0617  +6.9976e-004      1.485 
  36    0    6  5    +0.0524    +0.0538    +0.0530  +8.1785e-004      1.401 
  39    0   13  5    -0.0625    -0.0626    -0.0613  -1.2408e-003      1.300 
  38    0   10  5    -0.0587    -0.0613    -0.0614  +8.9435e-005      0.131 
--- Módulo da tensão            --------------------------------------------------
   N    D    P  TP      Real     Medido   Estimado      Med-Est        rn 
----------------------------------------------------------------------------------
  49    0    5  6    +1.0200    +1.0263    +1.0195  +6.7701e-003      2.252 
  43    0    2  6    +1.0450    +1.0415    +1.0442  -2.7460e-003      0.900 
  51    0    6  6    +1.0700    +1.0692    +1.0696  -4.5698e-004      0.147 
  20    0    1  6    +1.0600    +1.0595    +1.0591  +4.2093e-004      0.084 
----------------------------------------------------------------------------------
Não foram identificados erros grosseiros.
Não foram identificadas medidas críticas.
Possíveis conjuntos críticos:
Conjunto 1: 11 10
Conjunto 2: 30 31
Conjunto 3: 18 5
Conjunto 4: 25 2
Conjunto 5: 1 35 23
Conjunto 6: 35 23
Conjunto 7: 24 33
Medidas com alta correlação: 11 e 10 
Medidas com alta correlação: 30 e 31 
