================================================================================= 
=== UFF - Doutorado em Computação - Aplicaçoes em Sistemas de Potencia        === 
=== ESTIMADOR DE ESTADO MÍNIMOS QUADRADOS PONDERADOS INCLUINDO MEDIDAS DE PMU === 
=== Desenvolvido por: Rui Menezes de Moraes - 2009                            === 
================================================================================= 
Arquivo de medidores:          .\med\CS1_39M_PMU256VI_Marcio.med
Arquivo do sistema:            .\sist\ieee14.cdf
Tolerância entre iteraçoes:    1.00e-005
Limite de iteraçoes:           10

--- DADOS DA REDE --------------------------------------------------------------- 
Data do caso:                  08/19/93
Origem:                        UW ARCHIVE          
MVA base:                      100
Ano:                           1962
Estação:                       W
Identificação:                 IEEE 14 Bus Test Case
Número de barras:              14 
Número de ramos:               20 
Referência na barra:           1

--- TELEMEDIDAS ------------------------------------------------------------------
    Tipo 1 = Fluxo de potencia ativa        Tipo  6 = Módulo da tensão            
    Tipo 2 = Injeção de potencia ativa      Tipo  7 = Corrente de ramo (real)     
    Tipo 3 = Ângulo de fase da tensão       Tipo  8 = Corrente de ramo (imag)     
    Tipo 4 = Fluxo de potencia reativa      Tipo  9 = Injeção de corrente (real)  
    Tipo 5 = Injeção de potencia reativa    Tipo 10 = Injeção de corrente (imag)  
----------------------------------------------------------------------------------
   N    D    P TP  PN ST   Exa   FS       DP      V_Ref      V_Med          E(%) 
----------------------------------------------------------------------------------
   1    1    2  1   0  0 0.020 01.0  0.00015   +1.56805   +1.56277     -0.336724 
   2    1    5  1   0  0 0.020 01.0  0.00005   +0.75460   +0.74333     -1.493506 
   3    2    3  1   0  0 0.020 01.0  0.00004   +0.73305   +0.73388     +0.113226 
   4    4    7  1   0  0 0.020 01.0  0.00001   +0.28126   +0.28230     +0.369765 
   5    4    9  1   0  0 0.020 01.0  0.00001   +0.16101   +0.15779     -1.999876 
   6    5    2  1   0  0 0.020 01.0  0.00002   -0.40536   -0.40007     -1.305013 
   7    6   11  1   0  0 0.020 01.0  0.00001   +0.07337   +0.07601     +3.598201 
   8    6   12  1   0  0 0.020 01.0  0.00001   +0.07850   +0.07841     -0.114650 
   9    6   13  1   0  0 0.020 01.0  0.00001   +0.17927   +0.18023     +0.535505 
  10    7    8  1   0  0 0.020 01.0  0.00000   +0.00000   +0.00030     +0.000000 
  11    8    7  1   0  0 0.020 01.0  0.00000   +0.00000   -0.00032     +0.000000 
  12    9   10  1   0  0 0.020 01.0  0.00000   +0.05275   +0.05426     +2.862559 
  13    9   14  1   0  0 0.020 01.0  0.00001   +0.09340   +0.09201     -1.488223 
  14   12   13  1   0  0 0.020 01.0  0.00000   +0.01662   +0.02064    +24.187726 
  15    0    3  2   0  0 0.020 01.0  0.00006   -0.94406   -0.94516     +0.116518 
  16    0    6  2   0  0 0.020 01.0  0.00001   -0.11019   -0.10990     -0.263182 
  17    0    9  2   0  0 0.020 01.0  0.00001   -0.29595   -0.29200     -1.334685 
  18    0   10  2   0  0 0.020 01.0  0.00001   -0.09091   -0.09077     -0.153998 
  19    0   13  2   0  0 0.020 01.0  0.00001   -0.13855   -0.13880     +0.180440 
  20    0    1  6   0  0 0.015 01.1  0.00003   +1.06000   +1.05559     -0.416038 
  21    1    2  4   0  0 0.020 01.0  0.00001   -0.20386   -0.20295     -0.446385 
  22    1    5  4   0  0 0.020 01.0  0.00000   +0.03634   +0.03370     -7.264722 
  23    2    3  4   0  0 0.020 01.0  0.00000   +0.03554   +0.03694     +3.939223 
  24    4    7  4   0  0 0.020 01.0  0.00001   -0.09754   -0.09367     -3.967603 
  25    4    9  4   0  0 0.020 01.0  0.00000   -0.00375   -0.00497    +32.533333 
  26    5    2  4   0  0 0.020 01.0  0.00000   -0.01848   -0.01689     -8.603896 
  27    6   11  4   0  0 0.020 01.0  0.00000   +0.03518   +0.03765     +7.021035 
  28    6   12  4   0  0 0.020 01.0  0.00000   +0.02552   +0.02249    -11.873041 
  29    6   13  4   0  0 0.020 01.0  0.00001   +0.07440   +0.07119     -4.314516 
  30    7    8  4   0  0 0.020 01.0  0.00001   -0.16881   -0.16718     -0.965583 
  31    8    7  4   0  0 0.020 01.0  0.00001   +0.17326   +0.17211     -0.663742 
  32    9   10  4   0  0 0.020 01.0  0.00000   +0.04268   +0.04407     +3.256795 
  33    9   14  4   0  0 0.020 01.0  0.00000   +0.03494   +0.03654     +4.579279 
  34   12   13  4   0  0 0.020 01.0  0.00000   +0.00803   +0.00930    +15.815691 
  35    0    3  5   0  0 0.020 01.0  0.00001   +0.05965   +0.06240     +4.610226 
  36    0    6  5   0  0 0.020 01.0  0.00000   +0.05243   +0.05382     +2.651154 
  37    0    9  5   0  0 0.020 01.0  0.00000   -0.17115   -0.17388     +1.595092 
  38    0   10  5   0  0 0.020 01.0  0.00001   -0.05872   -0.06127     +4.342643 
  39    0   13  5   0  0 0.020 01.0  0.00001   -0.06255   -0.06259     +0.063949 
  40    0    1  3   1  1 0.020 01.0  0.00000   +0.00000   -0.00002     +0.000000 
  41    0    1  6   1  1 0.010 01.0  0.00003   +1.06000   +1.05559     -0.416038 
  42    0    1  9   1  1 0.010 01.0  0.00000   +2.19118   +2.19829     +0.324483 
  43    0    1 10   1  1 0.010 01.0  0.00000   +0.15803   +0.15908     +0.664431 
  44    0    2  3   2  0 0.020 01.0  0.00000   -0.08692   -0.08694     +0.023010 
  45    0    2  6   2  0 0.010 01.0  0.00000   +1.04500   +1.04304     -0.187560 
  46    0    2  9   2  0 0.010 01.0  0.00000   +0.14938   +0.14821     -0.783237 
  47    0    2 10   2  0 0.010 01.0  0.00000   -0.30477   -0.30584     +0.351084 
  48    0    3  3   3  1 0.020 01.0  0.00000   -0.22218   -0.22206     -0.054010 
  49    0    3  6   3  1 0.010 01.0  0.00000   +1.01000   +1.00401     -0.593069 
  50    0    3  9   3  1 0.010 01.0  0.00000   -0.92477   -0.91867     -0.659623 
  51    0    3 10   3  1 0.010 01.0  0.00000   +0.14820   +0.14746     -0.499325 
  52    0    4  3   4  1 0.020 01.0  0.00000   -0.17994   -0.17994     +0.000000 
  53    0    4  6   4  1 0.010 01.0  0.00000   +1.01800   +1.01263     -0.527505 
  54    0    4  9   4  1 0.010 01.0  0.00000   -0.46812   -0.46512     -0.640861 
  55    0    4 10   4  1 0.010 01.0  0.00000   +0.04662   +0.04679     +0.364650 
  56    0    5  3   5  0 0.020 01.0  0.00000   -0.15307   -0.15308     +0.006533 
  57    0    5  6   5  0 0.010 01.0  0.00000   +1.02000   +1.02751     +0.736275 
  58    0    5  9   5  0 0.010 01.0  0.00000   -0.06922   -0.06950     +0.404507 
  59    0    5 10   5  0 0.010 01.0  0.00000   +0.01659   +0.01650     -0.542495 
  60    0    6  3   6  0 0.020 01.0  0.00000   -0.24819   -0.24828     +0.036263 
  61    0    6  6   6  0 0.010 01.0  0.00000   +1.07000   +1.07030     +0.028037 
  62    0    6  9   6  0 0.010 01.0  0.00000   -0.11185   -0.11116     -0.616898 
  63    0    6 10   6  0 0.010 01.0  0.00000   -0.02219   -0.02223     +0.180261 
  64    0    7  3   7  1 0.020 01.0  0.00000   -0.23318   -0.23314     -0.017154 
  65    0    7  6   7  1 0.010 01.0  0.00000   +1.06200   +1.05554     -0.608286 
  66    0    7  9   7  1 0.010 01.0  0.00000   -0.00182   -0.00181     -0.549451 
  67    0    7 10   7  1 0.010 01.0  0.00000   -0.00695   -0.00699     +0.575540 
  68    0    8  3   8  1 0.020 01.0  0.00000   -0.23318   -0.23333     +0.064328 
  69    0    8  6   8  1 0.010 01.0  0.00000   +1.09000   +1.08978     -0.020183 
  70    0    8  9   8  1 0.010 01.0  0.00000   -0.03672   -0.03646     -0.708061 
  71    0    8 10   8  1 0.010 01.0  0.00000   -0.15465   -0.15482     +0.109926 
  72    0    9  3   9  1 0.020 01.0  0.00000   -0.26075   -0.26067     -0.030681 
  73    0    9  6   9  1 0.010 01.0  0.00000   +1.05600   +1.05004     -0.564394 
  74    0    9  9   9  1 0.010 01.0  0.00000   -0.22900   -0.22916     +0.069869 
  75    0    9 10   9  1 0.010 01.0  0.00000   +0.22885   +0.22756     -0.563688 
  76    0   10  3  10  1 0.020 01.0  0.00000   -0.26354   -0.26336     -0.068301 
  77    0   10  6  10  1 0.010 01.0  0.00000   +1.05100   +1.04391     -0.674596 
  78    0   10  9  10  1 0.010 01.0  0.00000   -0.06894   -0.06855     -0.565709 
  79    0   10 10  10  1 0.010 01.0  0.00000   +0.07647   +0.07674     +0.353080 
  80    0   11  3  11  1 0.020 01.0  0.00000   -0.25813   -0.25821     +0.030992 
  81    0   11  6  11  1 0.010 01.0  0.00000   +1.05700   +1.05562     -0.130558 
  82    0   11  9  11  1 0.010 01.0  0.00000   -0.02727   -0.02748     +0.770077 
  83    0   11 10  11  1 0.010 01.0  0.00000   +0.02416   +0.02406     -0.413907 
  84    0   12  3  12  1 0.020 01.0  0.00000   -0.26320   -0.26310     -0.037994 
  85    0   12  6  12  1 0.010 01.0  0.00000   +1.05500   +1.06003     +0.476777 
  86    0   12  9  12  1 0.010 01.0  0.00000   -0.05203   -0.05159     -0.845666 
  87    0   12 10  12  1 0.010 01.0  0.00000   +0.02968   +0.02939     -0.977089 
  88    0   13  3  13  1 0.020 01.0  0.00000   -0.26459   -0.26445     -0.052912 
  89    0   13  6  13  1 0.010 01.0  0.00000   +1.05000   +1.05068     +0.064762 
  90    0   13  9  13  1 0.010 01.0  0.00000   -0.11178   -0.11127     -0.456253 
  91    0   13 10  13  1 0.010 01.0  0.00000   +0.09200   +0.09214     +0.152174 
  92    0   14  3  14  1 0.020 01.0  0.00000   -0.27978   -0.27996     +0.064336 
  93    0   14  6  14  1 0.010 01.0  0.00000   +1.03600   +1.03940     +0.328185 
  94    0   14  9  14  1 0.010 01.0  0.00000   -0.12367   -0.12307     -0.485162 
  95    0   14 10  14  1 0.010 01.0  0.00000   +0.08280   +0.08235     -0.543478 
----------------------------------------------------------------------------------
Número de medidores SCADA:     39
Número de PMUs:                14
Número de medidas das PMUs:    56
----------------------------------------------------------------------------------

Matriz de pesos formada com as covariâncias das telemedidas.
Medidas de ângulo: 
Barra: 2
Barra: 5
Barra: 6
Medidores desabilitados:
Medidor 40.
Medidor 41.
Medidor 42.
Medidor 43.
Medidor 48.
Medidor 49.
Medidor 50.
Medidor 51.
Medidor 52.
Medidor 53.
Medidor 54.
Medidor 55.
Medidor 64.
Medidor 65.
Medidor 66.
Medidor 67.
Medidor 68.
Medidor 69.
Medidor 70.
Medidor 71.
Medidor 72.
Medidor 73.
Medidor 74.
Medidor 75.
Medidor 76.
Medidor 77.
Medidor 78.
Medidor 79.
Medidor 80.
Medidor 81.
Medidor 82.
Medidor 83.
Medidor 84.
Medidor 85.
Medidor 86.
Medidor 87.
Medidor 88.
Medidor 89.
Medidor 90.
Medidor 91.
Medidor 92.
Medidor 93.
Medidor 94.
Medidor 95.
============= Estado Ref =============== Estado Est ================ TVE =========
Barra     Mod(pu)    Ang(graus)      Mod(pu)   Ang(graus)            (%)         
----------------------------------------------------------------------------------
   1       1.0600         0.00        1.0585         0.01          0.1383 
   2       1.0450        -4.98        1.0437        -4.98          0.1284 
   3       1.0100       -12.73        1.0087       -12.77          0.1464 
   4       1.0180       -10.31        1.0169       -10.30          0.1131 
   5       1.0200        -8.77        1.0188        -8.77          0.1151 
   6       1.0700       -14.22        1.0691       -14.23          0.0825 
   7       1.0620       -13.36        1.0605       -13.37          0.1471 
   8       1.0900       -13.36        1.0883       -13.37          0.1608 
   9       1.0560       -14.94        1.0543       -14.94          0.1637 
  10       1.0510       -15.10        1.0492       -15.10          0.1741 
  11       1.0570       -14.79        1.0554       -14.81          0.1531 
  12       1.0550       -15.08        1.0551       -15.09          0.0171 
  13       1.0500       -15.16        1.0492       -15.17          0.0728 
  14       1.0360       -16.03        1.0343       -16.02          0.1640 
----------------------------------------------------------------------------------
Convergiu em:    3 iteraçoes com TVE medio de     0.1269 
----------------------------------------------------------------------------------
--- RESIDUOS NORMALIZADOS --------------------------------------------------------
--- Fluxo de potencia ativa     --------------------------------------------------
   N    D    P  TP      Real     Medido   Estimado      Med-Est        rn 
----------------------------------------------------------------------------------
   2    1    5  1    +0.7546    +0.7433    +0.7528  -9.4638e-003      1.507 
  14   12   13  1    +0.0166    +0.0206    +0.0189  +1.6960e-003      1.229 
   5    4    9  1    +0.1610    +0.1578    +0.1607  -2.8653e-003      1.088 
   6    5    2  1    -0.4054    -0.4001    -0.4037  +3.5954e-003      0.860 
   8    6   12  1    +0.0785    +0.0784    +0.0769  +1.5348e-003      0.825 
  13    9   14  1    +0.0934    +0.0920    +0.0927  -6.6088e-004      0.660 
   9    6   13  1    +0.1793    +0.1802    +0.1788  +1.4608e-003      0.548 
   1    1    2  1    +1.5680    +1.5628    +1.5662  -3.4257e-003      0.309 
  12    9   10  1    +0.0527    +0.0543    +0.0540  +2.9879e-004      0.233 
   4    4    7  1    +0.2813    +0.2823    +0.2821  +2.1563e-004      0.111 
   7    6   11  1    +0.0734    +0.0760    +0.0759  +7.9236e-005      0.053 
   3    2    3  1    +0.7330    +0.7339    +0.7341  -2.4190e-004      0.041 
  10    7    8  1    +0.0000    +0.0003    +0.0003  -1.0004e-005      0.008 
  11    8    7  1    +0.0000    -0.0003    -0.0003  -9.9956e-006      0.008 
--- Injeção de potencia ativa   --------------------------------------------------
   N    D    P  TP      Real     Medido   Estimado      Med-Est        rn 
----------------------------------------------------------------------------------
  19    0   13  2    -0.1386    -0.1388    -0.1401  +1.2667e-003      0.930 
  15    0    3  2    -0.9441    -0.9452    -0.9486  +3.3927e-003      0.666 
  17    0    9  2    -0.2959    -0.2920    -0.2917  -3.0144e-004      0.285 
  16    0    6  2    -0.1102    -0.1099    -0.1094  -5.2215e-004      0.215 
  18    0   10  2    -0.0909    -0.0908    -0.0909  +1.7525e-004      0.191 
--- Ângulo de fase da tensão    --------------------------------------------------
   N    D    P  TP      Real     Medido   Estimado      Med-Est        rn 
----------------------------------------------------------------------------------
  44    0    2  3    -0.0869    -0.0869    -0.0870  +4.3675e-005      1.362 
  56    0    5  3    -0.1531    -0.1531    -0.1530  -3.5972e-005      0.794 
  60    0    6  3    -0.2482    -0.2483    -0.2483  -6.3510e-006      0.271 
--- Fluxo de potencia reativa   --------------------------------------------------
   N    D    P  TP      Real     Medido   Estimado      Med-Est        rn 
----------------------------------------------------------------------------------
  33    9   14  4    +0.0349    +0.0365    +0.0350  +1.5485e-003      2.124 
  24    4    7  4    -0.0975    -0.0937    -0.0955  +1.8226e-003      1.827 
  25    4    9  4    -0.0037    -0.0050    -0.0027  -2.2448e-003      1.432 
  21    1    2  4    -0.2039    -0.2029    -0.2057  +2.7043e-003      1.261 
  29    6   13  4    +0.0744    +0.0712    +0.0735  -2.3432e-003      1.234 
  23    2    3  4    +0.0355    +0.0369    +0.0353  +1.5925e-003      0.957 
  22    1    5  4    +0.0363    +0.0337    +0.0351  -1.4352e-003      0.920 
  34   12   13  4    +0.0080    +0.0093    +0.0102  -8.7161e-004      0.648 
  26    5    2  4    -0.0185    -0.0169    -0.0179  +1.0301e-003      0.627 
  32    9   10  4    +0.0427    +0.0441    +0.0434  +6.8051e-004      0.606 
  28    6   12  4    +0.0255    +0.0225    +0.0220  +4.7119e-004      0.350 
  30    7    8  4    -0.1688    -0.1672    -0.1675  +2.7269e-004      0.133 
  31    8    7  4    +0.1733    +0.1721    +0.1718  +2.6507e-004      0.133 
  27    6   11  4    +0.0352    +0.0377    +0.0377  -1.1711e-005      0.009 
--- Injeção de potencia reativa --------------------------------------------------
   N    D    P  TP      Real     Medido   Estimado      Med-Est        rn 
----------------------------------------------------------------------------------
  37    0    9  5    -0.1712    -0.1739    -0.1725  -1.4130e-003      1.827 
  35    0    3  5    +0.0597    +0.0624    +0.0610  +1.3578e-003      1.592 
  39    0   13  5    -0.0625    -0.0626    -0.0612  -1.3891e-003      1.445 
  36    0    6  5    +0.0524    +0.0538    +0.0522  +1.5716e-003      0.753 
  38    0   10  5    -0.0587    -0.0613    -0.0613  -1.2087e-005      0.016 
--- Módulo da tensão            --------------------------------------------------
   N    D    P  TP      Real     Medido   Estimado      Med-Est        rn 
----------------------------------------------------------------------------------
  57    0    5  6    +1.0200    +1.0275    +1.0188  +8.6836e-003      2.790 
  20    0    1  6    +1.0600    +1.0556    +1.0585  -2.9478e-003      0.583 
  61    0    6  6    +1.0700    +1.0703    +1.0691  +1.1772e-003      0.368 
  45    0    2  6    +1.0450    +1.0430    +1.0437  -6.2040e-004      0.197 
--- Injeção de corrente (real)  --------------------------------------------------
   N    D    P  TP      Real     Medido   Estimado      Med-Est        rn 
----------------------------------------------------------------------------------
  46    0    2  9    +0.1494    +0.1482    +0.1482  -2.2029e-005      0.960 
  62    0    6  9    -0.1119    -0.1112    -0.1112  +1.8224e-005      0.263 
  58    0    5  9    -0.0692    -0.0695    -0.0695  +9.4610e-008      0.031 
--- Injeção de corrente (imag)  --------------------------------------------------
   N    D    P  TP      Real     Medido   Estimado      Med-Est        rn 
----------------------------------------------------------------------------------
  59    0    5 10    +0.0166    +0.0165    +0.0165  +3.1495e-007      1.689 
  47    0    2 10    -0.3048    -0.3058    -0.3056  -2.0684e-004      1.089 
  63    0    6 10    -0.0222    -0.0222    -0.0222  +2.1179e-006      0.708 
----------------------------------------------------------------------------------
Não foram identificados erros grosseiros.
Medida crítica   59!
Possíveis conjuntos críticos:
Conjunto 1: 11 10
Conjunto 2: 31 30
Conjunto 3: 13 15
Conjunto 4: 23 46
Conjunto 5: 5 47
Conjunto 6: 14 29
Conjunto 7: 25 39
Conjunto 8: 24 37
Medidas com alta correlação: 11 e 10 
Medidas com alta correlação: 31 e 30 
