================================================================================= 
=== UFF - Doutorado em Computação - Aplicaçoes em Sistemas de Potencia        === 
=== ESTIMADOR DE ESTADO MÍNIMOS QUADRADOS PONDERADOS INCLUINDO MEDIDAS DE PMU === 
=== Desenvolvido por: Rui Menezes de Moraes - 2009                            === 
================================================================================= 
Arquivo de medidores:          .\med\CS1_39M_PMU256VI_Rui.med
Arquivo do sistema:            .\sist\ieee14.cdf
Tolerância entre iteraçoes:    1.00e-005
Limite de iteraçoes:           10

--- DADOS DA REDE --------------------------------------------------------------- 
Data do caso:                  08/19/93
Origem:                        UW ARCHIVE          
MVA base:                      100
Ano:                           1962
Estação:                       W
Identificação:                 IEEE 14 Bus Test Case
Número de barras:              14 
Número de ramos:               20 
Referência na barra:           1

--- TELEMEDIDAS ------------------------------------------------------------------
    Tipo 1 = Fluxo de potencia ativa        Tipo  6 = Módulo da tensão            
    Tipo 2 = Injeção de potencia ativa      Tipo  7 = Corrente de ramo (real)     
    Tipo 3 = Ângulo de fase da tensão       Tipo  8 = Corrente de ramo (imag)     
    Tipo 4 = Fluxo de potencia reativa      Tipo  9 = Injeção de corrente (real)  
    Tipo 5 = Injeção de potencia reativa    Tipo 10 = Injeção de corrente (imag)  
----------------------------------------------------------------------------------
   N    D    P TP  PN ST   Exa   FS       DP      V_Ref      V_Med          E(%) 
----------------------------------------------------------------------------------
   1    1    2  1   0  0 0.020 01.0  0.00015   +1.56805   +1.56277     -0.336724 
   2    1    5  1   0  0 0.020 01.0  0.00005   +0.75460   +0.74333     -1.493506 
   3    2    3  1   0  0 0.020 01.0  0.00004   +0.73305   +0.73388     +0.113226 
   4    4    7  1   0  0 0.020 01.0  0.00001   +0.28126   +0.28230     +0.369765 
   5    4    9  1   0  0 0.020 01.0  0.00001   +0.16101   +0.15779     -1.999876 
   6    5    2  1   0  0 0.020 01.0  0.00002   -0.40536   -0.40007     -1.305013 
   7    6   11  1   0  0 0.020 01.0  0.00001   +0.07337   +0.07601     +3.598201 
   8    6   12  1   0  0 0.020 01.0  0.00001   +0.07850   +0.07841     -0.114650 
   9    6   13  1   0  0 0.020 01.0  0.00001   +0.17927   +0.18023     +0.535505 
  10    7    8  1   0  0 0.020 01.0  0.00000   +0.00000   +0.00030     +0.000000 
  11    8    7  1   0  0 0.020 01.0  0.00000   +0.00000   -0.00032     +0.000000 
  12    9   10  1   0  0 0.020 01.0  0.00000   +0.05275   +0.05426     +2.862559 
  13    9   14  1   0  0 0.020 01.0  0.00001   +0.09340   +0.09201     -1.488223 
  14   12   13  1   0  0 0.020 01.0  0.00000   +0.01662   +0.02064    +24.187726 
  15    0    3  2   0  0 0.020 01.0  0.00006   -0.94406   -0.94516     +0.116518 
  16    0    6  2   0  0 0.020 01.0  0.00001   -0.11019   -0.10990     -0.263182 
  17    0    9  2   0  0 0.020 01.0  0.00001   -0.29595   -0.29200     -1.334685 
  18    0   10  2   0  0 0.020 01.0  0.00001   -0.09091   -0.09077     -0.153998 
  19    0   13  2   0  0 0.020 01.0  0.00001   -0.13855   -0.13880     +0.180440 
  20    0    1  6   0  0 0.015 01.1  0.00003   +1.06000   +1.05948     -0.049057 
  21    1    2  4   0  0 0.020 01.0  0.00001   -0.20386   -0.20295     -0.446385 
  22    1    5  4   0  0 0.020 01.0  0.00000   +0.03634   +0.03370     -7.264722 
  23    2    3  4   0  0 0.020 01.0  0.00000   +0.03554   +0.03694     +3.939223 
  24    4    7  4   0  0 0.020 01.0  0.00001   -0.09754   -0.09367     -3.967603 
  25    4    9  4   0  0 0.020 01.0  0.00000   -0.00375   -0.00497    +32.533333 
  26    5    2  4   0  0 0.020 01.0  0.00000   -0.01848   -0.01689     -8.603896 
  27    6   11  4   0  0 0.020 01.0  0.00000   +0.03518   +0.03765     +7.021035 
  28    6   12  4   0  0 0.020 01.0  0.00000   +0.02552   +0.02249    -11.873041 
  29    6   13  4   0  0 0.020 01.0  0.00001   +0.07440   +0.07119     -4.314516 
  30    7    8  4   0  0 0.020 01.0  0.00001   -0.16881   -0.16718     -0.965583 
  31    8    7  4   0  0 0.020 01.0  0.00001   +0.17326   +0.17211     -0.663742 
  32    9   10  4   0  0 0.020 01.0  0.00000   +0.04268   +0.04407     +3.256795 
  33    9   14  4   0  0 0.020 01.0  0.00000   +0.03494   +0.03654     +4.579279 
  34   12   13  4   0  0 0.020 01.0  0.00000   +0.00803   +0.00930    +15.815691 
  35    0    3  5   0  0 0.020 01.0  0.00001   +0.05965   +0.06240     +4.610226 
  36    0    6  5   0  0 0.020 01.0  0.00000   +0.05243   +0.05382     +2.651154 
  37    0    9  5   0  0 0.020 01.0  0.00000   -0.17115   -0.17388     +1.595092 
  38    0   10  5   0  0 0.020 01.0  0.00001   -0.05872   -0.06127     +4.342643 
  39    0   13  5   0  0 0.020 01.0  0.00001   -0.06255   -0.06259     +0.063949 
  40    0    1  3   1  1 0.020 01.0  0.00000   +0.00000   -0.00002     +0.000000 
  41    0    1  6   1  1 0.010 01.0  0.00003   +1.06000   +1.05948     -0.049057 
  42    0    1  9   1  1 0.010 01.0  0.00000   +2.19117   +2.19853     +0.335894 
  43    0    1 10   1  1 0.010 01.0  0.00000   +0.15804   +0.15692     -0.708681 
  44    0    2  3   2  0 0.020 01.0  0.00000   -0.08692   -0.08682     -0.115048 
  45    0    2  6   2  0 0.010 01.0  0.00000   +1.04500   +1.04146     -0.338756 
  46    0    2  9   2  0 0.010 01.0  0.00000   +0.14938   +0.14914     -0.160664 
  47    0    2 10   2  0 0.010 01.0  0.00000   -0.30477   -0.30463     -0.045936 
  48    0    3  3   3  1 0.020 01.0  0.00000   -0.22218   -0.22232     +0.063012 
  49    0    3  6   3  1 0.010 01.0  0.00000   +1.01000   +1.00915     -0.084158 
  50    0    3  9   3  1 0.010 01.0  0.00000   -0.92475   -0.92916     +0.476886 
  51    0    3 10   3  1 0.010 01.0  0.00000   +0.14836   +0.14835     -0.006740 
  52    0    4  3   4  1 0.020 01.0  0.00000   -0.17994   -0.17989     -0.027787 
  53    0    4  6   4  1 0.010 01.0  0.00000   +1.01800   +1.01326     -0.465619 
  54    0    4  9   4  1 0.010 01.0  0.00000   -0.46814   -0.46853     +0.083308 
  55    0    4 10   4  1 0.010 01.0  0.00000   +0.04646   +0.04649     +0.064572 
  56    0    5  3   5  0 0.020 01.0  0.00000   -0.15307   -0.15328     +0.137192 
  57    0    5  6   5  0 0.010 01.0  0.00000   +1.02000   +1.02632     +0.619608 
  58    0    5  9   5  0 0.010 01.0  0.00000   -0.06923   -0.06937     +0.202224 
  59    0    5 10   5  0 0.010 01.0  0.00000   +0.01658   +0.01658     +0.000000 
  60    0    6  3   6  0 0.020 01.0  0.00000   -0.24819   -0.24815     -0.016117 
  61    0    6  6   6  0 0.010 01.0  0.00000   +1.07000   +1.06917     -0.077570 
  62    0    6  9   6  0 0.010 01.0  0.00000   -0.11186   -0.11225     +0.348650 
  63    0    6 10   6  0 0.010 01.0  0.00000   -0.02220   -0.02222     +0.090090 
  64    0    7  3   7  1 0.020 01.0  0.00000   -0.23318   -0.23314     -0.017154 
  65    0    7  6   7  1 0.010 01.0  0.00000   +1.06200   +1.05550     -0.612053 
  66    0    7  9   7  1 0.010 01.0  0.00000   -0.00182   -0.00182     +0.000000 
  67    0    7 10   7  1 0.010 01.0  0.00000   -0.00695   -0.00690     -0.719424 
  68    0    8  3   8  1 0.020 01.0  0.00000   -0.23318   -0.23308     -0.042885 
  69    0    8  6   8  1 0.010 01.0  0.00000   +1.09000   +1.08682     -0.291743 
  70    0    8  9   8  1 0.010 01.0  0.00000   -0.03673   -0.03669     -0.108903 
  71    0    8 10   8  1 0.010 01.0  0.00000   -0.15465   -0.15494     +0.187520 
  72    0    9  3   9  1 0.020 01.0  0.00000   -0.26075   -0.26087     +0.046021 
  73    0    9  6   9  1 0.010 01.0  0.00000   +1.05600   +1.05280     -0.303030 
  74    0    9  9   9  1 0.010 01.0  0.00000   -0.22900   -0.22916     +0.069869 
  75    0    9 10   9  1 0.010 01.0  0.00000   +0.22885   +0.22756     -0.563688 
  76    0   10  3  10  1 0.020 01.0  0.00000   -0.26354   -0.26353     -0.003794 
  77    0   10  6  10  1 0.010 01.0  0.00000   +1.05100   +1.05495     +0.375833 
  78    0   10  9  10  1 0.010 01.0  0.00000   -0.06896   -0.06902     +0.087007 
  79    0   10 10  10  1 0.010 01.0  0.00000   +0.07647   +0.07680     +0.431542 
  80    0   11  3  11  1 0.020 01.0  0.00000   -0.25813   -0.25831     +0.069732 
  81    0   11  6  11  1 0.010 01.0  0.00000   +1.05700   +1.05755     +0.052034 
  82    0   11  9  11  1 0.010 01.0  0.00000   -0.02727   -0.02720     -0.256692 
  83    0   11 10  11  1 0.010 01.0  0.00000   +0.02417   +0.02415     -0.082747 
  84    0   12  3  12  1 0.020 01.0  0.00000   -0.26320   -0.26322     +0.007599 
  85    0   12  6  12  1 0.010 01.0  0.00000   +1.05500   +1.05516     +0.015166 
  86    0   12  9  12  1 0.010 01.0  0.00000   -0.05203   -0.05204     +0.019220 
  87    0   12 10  12  1 0.010 01.0  0.00000   +0.02970   +0.02976     +0.202020 
  88    0   13  3  13  1 0.020 01.0  0.00000   -0.26459   -0.26468     +0.034015 
  89    0   13  6  13  1 0.010 01.0  0.00000   +1.05000   +1.05184     +0.175238 
  90    0   13  9  13  1 0.010 01.0  0.00000   -0.11178   -0.11188     +0.089461 
  91    0   13 10  13  1 0.010 01.0  0.00000   +0.09200   +0.09219     +0.206522 
  92    0   14  3  14  1 0.020 01.0  0.00000   -0.27978   -0.27981     +0.010723 
  93    0   14  6  14  1 0.010 01.0  0.00000   +1.03600   +1.03881     +0.271236 
  94    0   14  9  14  1 0.010 01.0  0.00000   -0.12370   -0.12347     -0.185934 
  95    0   14 10  14  1 0.010 01.0  0.00000   +0.08277   +0.08248     -0.350368 
----------------------------------------------------------------------------------
Número de medidores SCADA:     39
Número de PMUs:                14
Número de medidas das PMUs:    56
----------------------------------------------------------------------------------

Matriz de pesos formada com as covariâncias das telemedidas.
Medidas de ângulo: 
Barra: 2
Barra: 5
Barra: 6
Medidores desabilitados:
Medidor 40.
Medidor 41.
Medidor 42.
Medidor 43.
Medidor 48.
Medidor 49.
Medidor 50.
Medidor 51.
Medidor 52.
Medidor 53.
Medidor 54.
Medidor 55.
Medidor 64.
Medidor 65.
Medidor 66.
Medidor 67.
Medidor 68.
Medidor 69.
Medidor 70.
Medidor 71.
Medidor 72.
Medidor 73.
Medidor 74.
Medidor 75.
Medidor 76.
Medidor 77.
Medidor 78.
Medidor 79.
Medidor 80.
Medidor 81.
Medidor 82.
Medidor 83.
Medidor 84.
Medidor 85.
Medidor 86.
Medidor 87.
Medidor 88.
Medidor 89.
Medidor 90.
Medidor 91.
Medidor 92.
Medidor 93.
Medidor 94.
Medidor 95.
============= Estado Ref =============== Estado Est ================ TVE =========
Barra     Mod(pu)    Ang(graus)      Mod(pu)   Ang(graus)            (%)         
----------------------------------------------------------------------------------
   1       1.0600         0.00        1.0583         0.02          0.1647 
   2       1.0450        -4.98        1.0434        -4.97          0.1575 
   3       1.0100       -12.73        1.0084       -12.77          0.1708 
   4       1.0180       -10.31        1.0166       -10.32          0.1423 
   5       1.0200        -8.77        1.0186        -8.78          0.1434 
   6       1.0700       -14.22        1.0689       -14.22          0.1065 
   7       1.0620       -13.36        1.0602       -13.38          0.1744 
   8       1.0900       -13.36        1.0880       -13.38          0.1871 
   9       1.0560       -14.94        1.0540       -14.94          0.1898 
  10       1.0510       -15.10        1.0489       -15.10          0.1993 
  11       1.0570       -14.79        1.0552       -14.80          0.1699 
  12       1.0550       -15.08        1.0550       -15.07          0.0204 
  13       1.0500       -15.16        1.0490       -15.15          0.0942 
  14       1.0360       -16.03        1.0341       -16.01          0.1858 
----------------------------------------------------------------------------------
Convergiu em:    3 iteraçoes com TVE medio de     0.1504 
----------------------------------------------------------------------------------
--- RESIDUOS NORMALIZADOS --------------------------------------------------------
--- Fluxo de potencia ativa     --------------------------------------------------
   N    D    P  TP      Real     Medido   Estimado      Med-Est        rn 
----------------------------------------------------------------------------------
   2    1    5  1    +0.7546    +0.7433    +0.7549  -1.1571e-002      1.842 
   6    5    2  1    -0.4054    -0.4001    -0.4056  +5.4839e-003      1.313 
   8    6   12  1    +0.0785    +0.0784    +0.0760  +2.3821e-003      1.280 
  14   12   13  1    +0.0166    +0.0206    +0.0193  +1.2922e-003      0.937 
   5    4    9  1    +0.1610    +0.1578    +0.1600  -2.2032e-003      0.836 
   9    6   13  1    +0.1793    +0.1802    +0.1780  +2.1857e-003      0.820 
  12    9   10  1    +0.0527    +0.0543    +0.0533  +9.9515e-004      0.777 
   4    4    7  1    +0.2813    +0.2823    +0.2810  +1.3060e-003      0.670 
   1    1    2  1    +1.5680    +1.5628    +1.5678  -5.0431e-003      0.455 
   7    6   11  1    +0.0734    +0.0760    +0.0754  +6.3984e-004      0.431 
   3    2    3  1    +0.7330    +0.7339    +0.7348  -8.7638e-004      0.149 
  13    9   14  1    +0.0934    +0.0920    +0.0920  -1.8269e-005      0.018 
  10    7    8  1    +0.0000    +0.0003    +0.0003  -1.0005e-005      0.008 
  11    8    7  1    +0.0000    -0.0003    -0.0003  -9.9955e-006      0.008 
--- Injeção de potencia ativa   --------------------------------------------------
   N    D    P  TP      Real     Medido   Estimado      Med-Est        rn 
----------------------------------------------------------------------------------
  17    0    9  2    -0.2959    -0.2920    -0.2911  -8.9837e-004      0.849 
  18    0   10  2    -0.0909    -0.0908    -0.0914  +6.1128e-004      0.667 
  19    0   13  2    -0.1386    -0.1388    -0.1395  +7.3660e-004      0.541 
  15    0    3  2    -0.9441    -0.9452    -0.9474  +2.2832e-003      0.449 
  16    0    6  2    -0.1102    -0.1099    -0.1096  -2.7442e-004      0.113 
--- Ângulo de fase da tensão    --------------------------------------------------
   N    D    P  TP      Real     Medido   Estimado      Med-Est        rn 
----------------------------------------------------------------------------------
  44    0    2  3    -0.0869    -0.0868    -0.0868  -1.3878e-017      0.000 
  60    0    6  3    -0.2482    -0.2482    -0.2482  +0.0000e+000      0.000 
  56    0    5  3    -0.1531    -0.1533    -0.1533  +0.0000e+000      0.000 
--- Fluxo de potencia reativa   --------------------------------------------------
   N    D    P  TP      Real     Medido   Estimado      Med-Est        rn 
----------------------------------------------------------------------------------
  33    9   14  4    +0.0349    +0.0365    +0.0350  +1.5241e-003      2.090 
  24    4    7  4    -0.0975    -0.0937    -0.0956  +1.9554e-003      1.960 
  25    4    9  4    -0.0037    -0.0050    -0.0028  -2.1752e-003      1.388 
  29    6   13  4    +0.0744    +0.0712    +0.0736  -2.3778e-003      1.252 
  23    2    3  4    +0.0355    +0.0369    +0.0350  +1.9368e-003      1.164 
  22    1    5  4    +0.0363    +0.0337    +0.0351  -1.4227e-003      0.912 
  21    1    2  4    -0.2039    -0.2029    -0.2049  +1.9345e-003      0.902 
  32    9   10  4    +0.0427    +0.0441    +0.0435  +5.7526e-004      0.512 
  34   12   13  4    +0.0080    +0.0093    +0.0100  -6.8804e-004      0.511 
  28    6   12  4    +0.0255    +0.0225    +0.0220  +4.4596e-004      0.331 
  30    7    8  4    -0.1688    -0.1672    -0.1675  +2.7162e-004      0.132 
  31    8    7  4    +0.1733    +0.1721    +0.1718  +2.6400e-004      0.132 
  26    5    2  4    -0.0185    -0.0169    -0.0169  +3.2357e-005      0.020 
  27    6   11  4    +0.0352    +0.0377    +0.0377  -9.8236e-006      0.008 
--- Injeção de potencia reativa --------------------------------------------------
   N    D    P  TP      Real     Medido   Estimado      Med-Est        rn 
----------------------------------------------------------------------------------
  37    0    9  5    -0.1712    -0.1739    -0.1724  -1.4873e-003      1.923 
  35    0    3  5    +0.0597    +0.0624    +0.0611  +1.3199e-003      1.548 
  39    0   13  5    -0.0625    -0.0626    -0.0612  -1.3601e-003      1.415 
  36    0    6  5    +0.0524    +0.0538    +0.0523  +1.5264e-003      0.731 
  38    0   10  5    -0.0587    -0.0613    -0.0611  -1.2688e-004      0.169 
--- Módulo da tensão            --------------------------------------------------
   N    D    P  TP      Real     Medido   Estimado      Med-Est        rn 
----------------------------------------------------------------------------------
  57    0    5  6    +1.0200    +1.0263    +1.0186  +7.7661e-003      2.498 
  45    0    2  6    +1.0450    +1.0415    +1.0434  -1.8977e-003      0.604 
  20    0    1  6    +1.0600    +1.0595    +1.0583  +1.1783e-003      0.232 
  61    0    6  6    +1.0700    +1.0692    +1.0689  +3.0875e-004      0.097 
--- Injeção de corrente (real)  --------------------------------------------------
   N    D    P  TP      Real     Medido   Estimado      Med-Est        rn 
----------------------------------------------------------------------------------
  58    0    5  9    -0.0692    -0.0694    -0.0731  +3.7695e-003   1255.354 
  46    0    2  9    +0.1494    +0.1491    +0.1519  -2.7801e-003    119.747 
  62    0    6  9    -0.1119    -0.1123    -0.1114  -8.1227e-004     11.501 
--- Injeção de corrente (imag)  --------------------------------------------------
   N    D    P  TP      Real     Medido   Estimado      Med-Est        rn 
----------------------------------------------------------------------------------
  59    0    5 10    +0.0166    +0.0166    +0.0161  +4.3130e-004   2290.287 
  63    0    6 10    -0.0222    -0.0222    -0.0222  +1.5363e-005      5.141 
  47    0    2 10    -0.3048    -0.3046    -0.3039  -7.3388e-004      3.896 
----------------------------------------------------------------------------------
Possível erro grosseiro no medidor 59!
Não foram identificadas medidas críticas.
Possíveis conjuntos críticos:
Conjunto 1: 11 10
Conjunto 2: 31 30
Conjunto 3: 34 32
Conjunto 4: 18 4
Medidas com alta correlação: 11 e 10 
Medidas com alta correlação: 31 e 30 
