================================================================================= 
=== UFF - Doutorado em Computação - Aplicaçoes em Sistemas de Potencia        === 
=== ESTIMADOR DE ESTADO MÍNIMOS QUADRADOS PONDERADOS INCLUINDO MEDIDAS DE PMU === 
=== Desenvolvido por: Rui Menezes de Moraes - 2009                            === 
================================================================================= 
Arquivo de medidores:          .\med\S1_CS5_352M_90M_PMU_EGS5.med
Arquivo do sistema:            .\sist\ieee118_SP_JML.cdf
Tolerância entre iteraçoes:    1.00e-005
Limite de iteraçoes:           100

--- DADOS DA REDE --------------------------------------------------------------- 
Data do caso:                  08/25/93
Origem:                        UW ARCHIVE          
MVA base:                      100
Ano:                           1961
Estação:                       W
Identificação:                 IEEE 118 Bus Test Case
Número de barras:              118 
Número de ramos:               179 
Referência na barra:           69

--- TELEMEDIDAS ------------------------------------------------------------------
    Tipo 1 = Fluxo de potencia ativa        Tipo  6 = Módulo da tensão            
    Tipo 2 = Injeção de potencia ativa      Tipo  7 = Corrente de ramo (real)     
    Tipo 3 = Ângulo de fase da tensão       Tipo  8 = Corrente de ramo (imag)     
    Tipo 4 = Fluxo de potencia reativa      Tipo  9 = Injeção de corrente (real)  
    Tipo 5 = Injeção de potencia reativa    Tipo 10 = Injeção de corrente (imag)  
----------------------------------------------------------------------------------
   N    D    P TP  PN ST   Exa   FS       DP      V_Ref      V_Med          E(%) 
----------------------------------------------------------------------------------
   1    1    2  1   0  0 0.020 01.0  0.00205   -0.04743   -0.05246    +10.605102 
   2    1    3  1   0  0 0.020 01.0  0.00374   -0.30057   -0.29426     -2.099345 
   3    4    5  1   0  0 0.020 01.0  0.00307   -0.19976   -0.20808     +4.164998 
   4    3    5  1   0  0 0.020 01.0  0.00539   -0.54870   -0.56029     +2.112265 
   5    5    6  1   0  0 0.020 01.0  0.00655   +0.72249   +0.71212     -1.435314 
   6    6    7  1   0  0 0.020 01.0  0.00447   +0.41029   +0.41201     +0.419216 
   7    8    9  1   0  0 0.020 01.0  0.00834   -0.99161   -1.00900     +1.753714 
   8    8    5  1   0  0 0.020 01.0  0.01785   +2.41719   +2.38552     -1.310199 
   9    9   10  1   0  0 0.020 01.0  0.00839   -0.99787   -1.00794     +1.009149 
  10    4   11  1   0  0 0.020 01.0  0.00795   +0.93276   +0.91535     -1.866504 
  11    5   11  1   0  0 0.020 01.0  0.00795   +0.93236   +0.94753     +1.627054 
  12   11   12  1   0  0 0.020 01.0  0.00395   -0.33254   -0.33933     +2.041860 
  13    2   12  1   0  0 0.020 01.0  0.00297   -0.18506   -0.18333     -0.934832 
  14    3   12  1   0  0 0.020 01.0  0.00186   -0.01927   -0.01757     -8.822003 
  15    7   12  1   0  0 0.020 01.0  0.00359   +0.27834   +0.28441     +2.180786 
  16   11   13  1   0  0 0.020 01.0  0.01299   +1.68886   +1.69394     +0.300795 
  17   12   14  1   0  0 0.020 01.0  0.00249   -0.11291   -0.11370     +0.699672 
  18   13   15  1   0  0 0.020 01.0  0.00632   -0.68869   -0.69133     +0.383336 
  19   14   15  1   0  0 0.020 01.0  0.00313   -0.20936   -0.20969     +0.157623 
  20   12   16  1   0  0 0.020 01.0  0.00380   -0.31032   -0.31146     +0.367363 
  21   15   17  1   0  0 0.020 01.0  0.01090   -1.37497   -1.37528     +0.022546 
  22   16   17  1   0  0 0.020 01.0  0.00496   -0.48353   -0.48330     -0.047567 
  23   17   18  1   0  0 0.020 01.0  0.00623   +0.67422   +0.67490     +0.100857 
  24   18   19  1   0  0 0.020 01.0  0.00380   +0.30938   +0.30566     -1.202405 
  25   19   20  1   0  0 0.020 01.0  0.00442   -0.40278   -0.40998     +1.787576 
  26   15   19  1   0  0 0.020 01.0  0.00369   -0.29413   -0.28320     -3.716044 
  27   20   21  1   0  0 0.020 01.0  0.00526   -0.52982   -0.53350     +0.694576 
  28   21   22  1   0  0 0.020 01.0  0.00594   -0.63067   -0.62084     -1.558660 
  29   22   23  1   0  0 0.020 01.0  0.00644   -0.70622   -0.71631     +1.428733 
  30   23   24  1   0  0 0.020 01.0  0.00593   -0.62945   -0.62790     -0.246247 
  31   23   25  1   0  0 0.020 01.0  0.00662   -0.73245   -0.72589     -0.895624 
  32   26   25  1   0  0 0.020 01.0  0.00398   +0.33620   +0.32870     -2.230815 
  33   25   27  1   0  0 0.020 01.0  0.00571   +0.59664   +0.58622     -1.746447 
  34   27   28  1   0  0 0.020 01.0  0.00393   +0.32992   +0.33362     +1.121484 
  35   28   29  1   0  0 0.020 01.0  0.00315   +0.21213   +0.20673     -2.545609 
  36   30   17  1   0  0 0.020 01.0  0.00774   +0.90165   +0.90396     +0.256197 
  37    8   30  1   0  0 0.020 01.0  0.00584   -0.61657   -0.62712     +1.711079 
  38   26   30  1   0  0 0.020 01.0  0.01949   +2.66380   +2.63512     -1.076657 
  39   17   31  1   0  0 0.020 01.0  0.00753   -0.86903   -0.86747     -0.179510 
  40   29   31  1   0  0 0.020 01.0  0.00205   +0.04708   +0.04447     -5.543755 
  41   23   32  1   0  0 0.020 01.0  0.00568   +0.59257   +0.58904     -0.595710 
  42   31   32  1   0  0 0.020 01.0  0.00272   -0.14800   -0.14836     +0.243243 
  43   27   32  1   0  0 0.020 01.0  0.00467   +0.44117   +0.44060     -0.129202 
  44   15   33  1   0  0 0.020 01.0  0.00285   +0.16832   +0.17679     +5.032082 
  45   19   34  1   0  0 0.020 01.0  0.00279   +0.15875   +0.15538     -2.122835 
  46   35   36  1   0  0 0.020 01.0  0.00187   -0.02061   -0.01749    -15.138282 
  47   35   37  1   0  0 0.020 01.0  0.00310   -0.20439   -0.20479     +0.195704 
  48   33   37  1   0  0 0.020 01.0  0.00180   +0.01025   +0.01180    +15.121951 
  49   34   36  1   0  0 0.020 01.0  0.00296   +0.18338   +0.17891     -2.437561 
  50   34   37  1   0  0 0.020 01.0  0.00554   -0.57038   -0.57717     +1.190434 
  51   38   37  1   0  0 0.020 01.0  0.01141   +1.45150   +1.45300     +0.103341 
  52   37   39  1   0  0 0.020 01.0  0.00421   +0.37213   +0.36918     -0.792734 
  53   37   40  1   0  0 0.020 01.0  0.00382   +0.31291   +0.31669     +1.208015 
  54   30   38  1   0  0 0.020 01.0  0.00892   +1.07800   +1.07962     +0.150278 
  55   39   40  1   0  0 0.020 01.0  0.00292   +0.17839   +0.18339     +2.802848 
  56   40   41  1   0  0 0.020 01.0  0.00343   +0.25395   +0.24828     -2.232723 
  57   40   42  1   0  0 0.020 01.0  0.00220   +0.06972   +0.07159     +2.682157 
  58   41   42  1   0  0 0.020 01.0  0.00174   -0.00063   -0.00234   +271.428571 
  59   43   44  1   0  0 0.020 01.0  0.00218   +0.06643   +0.06695     +0.782779 
  60   34   43  1   0  0 0.020 01.0  0.00301   +0.19107   +0.19153     +0.240749 
  61   44   45  1   0  0 0.020 01.0  0.00202   -0.04318   -0.03953     -8.452987 
  62   45   46  1   0  0 0.020 01.0  0.00329   -0.23397   -0.22743     -2.795230 
  63   46   47  1   0  0 0.020 01.0  0.00275   -0.15231   -0.15220     -0.072221 
  64   46   48  1   0  0 0.020 01.0  0.00190   +0.02542   +0.02139    -15.853659 
  65   47   49  1   0  0 0.020 01.0  0.00369   +0.29401   +0.28620     -2.656372 
  66   42   49  1   0  0 0.020 01.0  0.00369   -0.29294   -0.29240     -0.184338 
  67   45   49  1   0  0 0.020 01.0  0.00288   -0.17127   -0.17388     +1.523910 
  68   48   49  1   0  0 0.020 01.0  0.00248   -0.11165   -0.11137     -0.250784 
  69   49   50  1   0  0 0.020 01.0  0.00407   +0.35103   +0.35662     +1.592456 
  70   49   51  1   0  0 0.020 01.0  0.00464   +0.43652   +0.44062     +0.939247 
  71   51   52  1   0  0 0.020 01.0  0.00303   +0.19523   +0.19053     -2.407417 
  72   52   53  1   0  0 0.020 01.0  0.00221   +0.07149   +0.06954     -2.727654 
  73   53   54  1   0  0 0.020 01.0  0.00231   -0.08587   -0.08407     -2.096192 
  74   49   54  1   0  0 0.020 01.0  0.00526   +0.52916   +0.52734     -0.343941 
  75   54   55  1   0  0 0.020 01.0  0.00189   +0.02339   +0.02643    +12.997007 
  76   54   56  1   0  0 0.020 01.0  0.00242   +0.10285   +0.10657     +3.616918 
  77   55   56  1   0  0 0.020 01.0  0.00223   -0.07406   -0.07274     -1.782339 
  78   56   57  1   0  0 0.020 01.0  0.00270   -0.14566   -0.15108     +3.720994 
  79   50   57  1   0  0 0.020 01.0  0.00328   +0.23179   +0.22395     -3.382372 
  80   56   58  1   0  0 0.020 01.0  0.00196   -0.03331   -0.03663     +9.966977 
  81   51   58  1   0  0 0.020 01.0  0.00251   +0.11639   +0.11344     -2.534582 
  82   54   59  1   0  0 0.020 01.0  0.00285   -0.16795   -0.17418     +3.709437 
  83   56   59  1   0  0 0.020 01.0  0.00371   -0.29572   -0.29285     -0.970513 
  84   55   59  1   0  0 0.020 01.0  0.00296   -0.18381   -0.18141     -1.305696 
  85   59   60  1   0  0 0.020 01.0  0.00340   -0.24947   -0.25520     +2.296869 
  86   59   61  1   0  0 0.020 01.0  0.00378   -0.30715   -0.31528     +2.646915 
  87   60   61  1   0  0 0.020 01.0  0.00661   -0.73114   -0.74722     +2.199305 
  88   60   62  1   0  0 0.020 01.0  0.00217   -0.06628   -0.06889     +3.937839 
  89   61   62  1   0  0 0.020 01.0  0.00279   +0.15882   +0.16274     +2.468203 
  90   63   59  1   0  0 0.020 01.0  0.01234   +1.59036   +1.56980     -1.292789 
  91   63   64  1   0  0 0.020 01.0  0.01234   -1.59036   -1.57602     -0.901683 
  92   64   61  1   0  0 0.020 01.0  0.00652   +0.71781   +0.70747     -1.440493 
  93   38   65  1   0  0 0.020 01.0  0.00426   -0.37841   -0.37116     -1.915911 
  94   64   65  1   0  0 0.020 01.0  0.01716   -2.31343   -2.29094     -0.972150 
  95   49   66  1   0  0 0.020 01.0  0.00951   -1.16662   -1.17144     +0.413159 
  96   62   66  1   0  0 0.020 01.0  0.00314   -0.21060   -0.20610     -2.136752 
  97   62   67  1   0  0 0.020 01.0  0.00256   -0.12362   -0.11852     -4.125546 
  98   65   66  1   0  0 0.020 01.0  0.01293   +1.68006   +1.68890     +0.526172 
  99   66   67  1   0  0 0.020 01.0  0.00386   +0.31940   +0.32474     +1.671885 
 100   65   68  1   0  0 0.020 01.0  0.02898   -4.08705   -4.07803     -0.220697 
 101   47   69  1   0  0 0.020 01.0  0.00627   -0.68076   -0.67871     -0.301134 
 102   49   69  1   0  0 0.020 01.0  0.00597   -0.63603   -0.63896     +0.460670 
 103   68   69  1   0  0 0.020 01.0  0.02158   -2.97636   -3.03946     +2.120039 
 104   69   70  1   0  0 0.020 01.0  0.00296   +0.18371   +0.21921    +19.323934 
 105   24   70  1   0  0 0.020 01.0  0.00285   +0.16693   +0.16836     +0.856646 
 106   70   71  1   0  0 0.020 01.0  0.00531   -0.53596   -0.52757     -1.565415 
 107   24   72  1   0  0 0.020 01.0  0.00246   +0.10892   +0.10537     -3.259273 
 108   71   72  1   0  0 0.020 01.0  0.00362   -0.28225   -0.28430     +0.726306 
 109   71   73  1   0  0 0.020 01.0  0.00345   -0.25783   -0.26244     +1.788000 
 110   70   74  1   0  0 0.020 01.0  0.00368   +0.29222   +0.28563     -2.255150 
 111   70   75  1   0  0 0.020 01.0  0.00333   +0.24025   +0.24598     +2.385016 
 112   69   75  1   0  0 0.020 01.0  0.00501   +0.49100   +0.48175     -1.883910 
 113   74   75  1   0  0 0.020 01.0  0.00258   -0.12690   -0.12503     -1.473601 
 114   76   77  1   0  0 0.020 01.0  0.00284   -0.16658   -0.16667     +0.054028 
 115   69   77  1   0  0 0.020 01.0  0.00552   +0.56839   +0.57937     +1.931772 
 116   75   77  1   0  0 0.020 01.0  0.00193   -0.02885   -0.02335    -19.064125 
 117   77   78  1   0  0 0.020 01.0  0.00751   +0.86676   +0.85049     -1.877106 
 118   78   79  1   0  0 0.020 01.0  0.00426   +0.37848   +0.38148     +0.792644 
 119   77   80  1   0  0 0.020 01.0  0.00410   -0.35546   -0.36115     +1.600743 
 120   79   80  1   0  0 0.020 01.0  0.00246   +0.10943   +0.10300     -5.875902 
 121   68   81  1   0  0 0.020 01.0  0.00246   +0.10880   +0.11073     +1.773897 
 122   81   80  1   0  0 0.020 01.0  0.00246   +0.10859   +0.10533     -3.002118 
 123   77   82  1   0  0 0.020 01.0  0.00362   -0.28268   -0.28887     +2.189755 
 124   82   83  1   0  0 0.020 01.0  0.00720   -0.82067   -0.81013     -1.284316 
 125   83   84  1   0  0 0.020 01.0  0.00423   -0.37450   -0.36718     -1.954606 
 126   83   85  1   0  0 0.020 01.0  0.00568   -0.59138   -0.59326     +0.317901 
 127   84   85  1   0  0 0.020 01.0  0.00480   -0.46001   -0.46554     +1.202148 
 128   85   86  1   0  0 0.020 01.0  0.00403   -0.34390   -0.34236     -0.447805 
 129   86   87  1   0  0 0.020 01.0  0.00502   -0.49270   -0.49685     +0.842298 
 130   85   88  1   0  0 0.020 01.0  0.00396   -0.33329   -0.32769     -1.680218 
 131   85   89  1   0  0 0.020 01.0  0.00480   -0.46067   -0.46181     +0.247466 
 132   88   89  1   0  0 0.020 01.0  0.00616   -0.66389   -0.66910     +0.784769 
 133   89   90  1   0  0 0.020 01.0  0.00568   +0.59164   +0.59347     +0.309310 
 134   90   91  1   0  0 0.020 01.0  0.00193   -0.02958   -0.02963     +0.169033 
 135   89   92  1   0  0 0.020 01.0  0.01688   +2.27174   +2.25067     -0.927483 
 136   91   92  1   0  0 0.020 01.0  0.00442   +0.40240   +0.39456     -1.948310 
 137   92   93  1   0  0 0.020 01.0  0.00638   +0.69689   +0.70176     +0.698819 
 138   92   94  1   0  0 0.020 01.0  0.00613   +0.65949   +0.67769     +2.759708 
 139   93   94  1   0  0 0.020 01.0  0.00575   +0.60307   +0.59098     -2.004742 
 140   94   95  1   0  0 0.020 01.0  0.00523   +0.52439   +0.51849     -1.125117 
 141   80   96  1   0  0 0.020 01.0  0.00334   -0.24167   -0.23956     -0.873091 
 142   82   96  1   0  0 0.020 01.0  0.00284   +0.16540   +0.15836     -4.256348 
 143   94   96  1   0  0 0.020 01.0  0.00447   +0.41051   +0.41080     +0.070644 
 144   80   97  1   0  0 0.020 01.0  0.00301   -0.19117   -0.19422     +1.595439 
 145   80   98  1   0  0 0.020 01.0  0.00249   -0.11293   -0.11646     +3.125830 
 146   80   99  1   0  0 0.020 01.0  0.00379   -0.30906   -0.31132     +0.731250 
 147   92  100  1   0  0 0.020 01.0  0.00454   +0.42083   +0.41400     -1.622983 
 148   94  100  1   0  0 0.020 01.0  0.00236   +0.09442   +0.09184     -2.732472 
 149   95   96  1   0  0 0.020 01.0  0.00329   +0.23295   +0.22761     -2.292337 
 150   96   97  1   0  0 0.020 01.0  0.00371   +0.29641   +0.30276     +2.142303 
 151   98  100  1   0  0 0.020 01.0  0.00404   -0.34625   -0.34541     -0.242599 
 152   99  100  1   0  0 0.020 01.0  0.00241   -0.10152   -0.10469     +3.122537 
 153  100  101  1   0  0 0.020 01.0  0.00381   -0.31185   -0.30945     -0.769601 
 154   92  102  1   0  0 0.020 01.0  0.00513   +0.51028   +0.51074     +0.090147 
 155  101  102  1   0  0 0.020 01.0  0.00485   -0.46677   -0.47946     +2.718684 
 156  100  103  1   0  0 0.020 01.0  0.00292   +0.17774   +0.17968     +1.091482 
 157  100  104  1   0  0 0.020 01.0  0.00231   +0.08627   +0.08226     -4.648198 
 158  103  104  1   0  0 0.020 01.0  0.00212   +0.05837   +0.06260     +7.246873 
 159  100  106  1   0  0 0.020 01.0  0.00256   +0.12395   +0.12033     -2.920532 
 160  105  107  1   0  0 0.020 01.0  0.00180   -0.01007   -0.01159    +15.094340 
 161  105  108  1   0  0 0.020 01.0  0.00196   +0.03421   +0.03422     +0.029231 
 162  106  107  1   0  0 0.020 01.0  0.00204   -0.04679   -0.05138     +9.809788 
 163  108  109  1   0  0 0.020 01.0  0.00187   +0.02016   +0.02029     +0.644841 
 164  103  110  1   0  0 0.020 01.0  0.00221   +0.07136   +0.07013     -1.723655 
 165  109  110  1   0  0 0.020 01.0  0.00197   -0.03484   -0.02923    -16.102181 
 166  110  111  1   0  0 0.020 01.0  0.00372   -0.29788   -0.30511     +2.427152 
 167  110  112  1   0  0 0.020 01.0  0.00218   +0.06715   +0.06241     -7.058824 
 168   17  113  1   0  0 0.020 01.0  0.00753   -0.86903   -0.87131     +0.262361 
 169   32  113  1   0  0 0.020 01.0  0.00601   +0.64188   +0.63271     -1.428616 
 170   32  114  1   0  0 0.020 01.0  0.00256   -0.12436   -0.12937     +4.028627 
 171   27  115  1   0  0 0.020 01.0  0.00394   +0.33111   +0.32125     -2.977862 
 172  114  115  1   0  0 0.020 01.0  0.00293   -0.17954   -0.18604     +3.620363 
 173   68  116  1   0  0 0.020 01.0  0.01001   -1.24177   -1.25809     +1.314253 
 174   12  117  1   0  0 0.020 01.0  0.00265   +0.13757   +0.13196     -4.077924 
 175   75  118  1   0  0 0.020 01.0  0.00371   +0.29627   +0.28925     -2.369460 
 176   76  118  1   0  0 0.020 01.0  0.00219   -0.06842   -0.07156     +4.589301 
 177    1    2  4   0  0 0.020 01.0  0.00279   -0.15803   -0.16462     +4.170094 
 178    1    3  4   0  0 0.020 01.0  0.00293   -0.17890   -0.18319     +2.397988 
 179    4    5  4   0  0 0.020 01.0  0.01659   +2.22797   +2.18770     -1.807475 
 180    3    5  4   0  0 0.020 01.0  0.00241   -0.10106   -0.10163     +0.564021 
 181    5    6  4   0  0 0.020 01.0  0.00458   +0.42710   +0.41810     -2.107235 
 182    6    7  4   0  0 0.020 01.0  0.00542   -0.55337   -0.56096     +1.371596 
 183    8    9  4   0  0 0.020 01.0  0.01516   -2.01349   -2.03528     +1.082201 
 184    8    5  4   0  0 0.020 01.0  0.00896   -1.08392   -1.08734     +0.315521 
 185    9   10  4   0  0 0.020 01.0  0.00670   -0.74565   -0.74190     -0.502917 
 186    4   11  4   0  0 0.020 01.0  0.00303   +0.19426   +0.19604     +0.916298 
 187    5   11  4   0  0 0.020 01.0  0.00207   -0.04998   -0.04700     -5.962385 
 188   11   12  4   0  0 0.040 02.0  0.00441   -0.40139   -0.40252     +0.281522 
 189    2   12  4   0  0 0.020 01.0  0.00302   -0.19364   -0.20055     +3.568478 
 190    3   12  4   0  0 0.020 01.0  0.00266   -0.13839   -0.13833     -0.043356 
 191    7   12  4   0  0 0.020 01.0  0.00553   -0.57001   -0.57434     +0.759636 
 192   11   13  4   0  0 0.020 01.0  0.00391   +0.32706   +0.32507     -0.608451 
 193   12   14  4   0  0 0.020 01.0  0.00237   +0.09564   +0.09783     +2.289837 
 194   13   15  4   0  0 0.020 01.0  0.00206   +0.04944   +0.04456     -9.870550 
 195   14   15  4   0  0 0.020 01.0  0.00246   +0.10827   +0.10507     -2.955574 
 196   12   16  4   0  0 0.020 01.0  0.00271   +0.14702   +0.14261     -2.999592 
 197   15   17  4   0  0 0.020 01.0  0.00223   +0.07399   +0.07017     -5.162860 
 198   16   17  4   0  0 0.020 01.0  0.00237   +0.09514   +0.09964     +4.729872 
 199   17   18  4   0  0 0.020 01.0  0.00201   +0.04165   +0.04529     +8.739496 
 200   18   19  4   0  0 0.020 01.0  0.00239   +0.09835   +0.09573     -2.663955 
 201   19   20  4   0  0 0.020 01.0  0.00251   +0.11664   +0.12115     +3.866598 
 202   15   19  4   0  0 0.020 01.0  0.00285   +0.16692   +0.16898     +1.234124 
 203   20   21  4   0  0 0.020 01.0  0.00247   +0.11025   +0.11370     +3.129252 
 204   21   22  4   0  0 0.020 01.0  0.00211   +0.05683   +0.05628     -0.967799 
 205   22   23  4   0  0 0.020 01.0  0.00184   +0.01546   +0.01351    -12.613195 
 206   23   24  4   0  0 0.020 01.0  0.00366   +0.28913   +0.29497     +2.019853 
 207   23   25  4   0  0 0.020 01.0  0.00226   -0.07892   -0.07732     -2.027369 
 208   26   25  4   0  0 0.020 01.0  0.02284   -3.16616   -3.18777     +0.682530 
 209   25   27  4   0  0 0.020 01.0  0.00283   -0.16433   -0.16821     +2.361103 
 210   27   28  4   0  0 0.020 01.0  0.00222   -0.07258   -0.06873     -5.304492 
 211   28   29  4   0  0 0.020 01.0  0.00242   -0.10271   -0.09879     -3.816571 
 212   30   17  4   0  0 0.020 01.0  0.00480   -0.46030   -0.45576     -0.986313 
 213    8   30  4   0  0 0.020 01.0  0.00396   -0.33370   -0.33770     +1.198681 
 214   26   30  4   0  0 0.020 01.0  0.01052   -1.31796   -1.32051     +0.193481 
 215   17   31  4   0  0 0.020 01.0  0.00268   +0.14149   +0.13796     -2.494876 
 216   29   31  4   0  0 0.020 01.0  0.00244   -0.10529   -0.10587     +0.550860 
 217   23   32  4   0  0 0.020 01.0  0.00333   -0.23933   -0.23347     -2.448502 
 218   31   32  4   0  0 0.020 01.0  0.00276   +0.15406   +0.15839     +2.810593 
 219   27   32  4   0  0 0.020 01.0  0.00208   -0.05183   -0.05055     -2.469612 
 220   15   33  4   0  0 0.020 01.0  0.00201   +0.04119   +0.03938     -4.394270 
 221   19   34  4   0  0 0.020 01.0  0.00196   -0.03385   -0.03647     +7.740030 
 222   35   36  4   0  0 0.020 01.0  0.00176   -0.00450   -0.00821    +82.444444 
 223   35   37  4   0  0 0.020 01.0  0.00212   -0.05750   -0.05461     -5.026087 
 224   33   37  4   0  0 0.020 01.0  0.00181   +0.01134   +0.00792    -30.158730 
 225   34   36  4   0  0 0.020 01.0  0.00340   +0.25053   +0.25329     +1.101664 
 226   34   37  4   0  0 0.020 01.0  0.00533   +0.53927   +0.52973     -1.769058 
 227   38   37  4   0  0 0.020 01.0  0.00572   +0.59852   +0.58349     -2.511194 
 228   37   39  4   0  0 0.020 01.0  0.00456   +0.42444   +0.43348     +2.129865 
 229   37   40  4   0  0 0.020 01.0  0.00420   +0.37029   +0.37244     +0.580626 
 230   30   38  4   0  0 0.020 01.0  0.00442   -0.40239   -0.40135     -0.258456 
 231   39   40  4   0  0 0.020 01.0  0.00404   +0.34530   +0.34053     -1.381407 
 232   40   41  4   0  0 0.020 01.0  0.00305   -0.19817   -0.20628     +4.092446 
 233   40   42  4   0  0 0.020 01.0  0.00341   -0.25193   -0.25551     +1.421030 
 234   41   42  4   0  0 0.020 01.0  0.00347   -0.26003   -0.26352     +1.342153 
 235   43   44  4   0  0 0.020 01.0  0.00251   -0.11608   -0.11922     +2.705031 
 236   34   43  4   0  0 0.020 01.0  0.00246   -0.10819   -0.10709     -1.016730 
 237   44   45  4   0  0 0.020 01.0  0.00180   +0.00981   +0.00876    -10.703364 
 238   45   46  4   0  0 0.020 01.0  0.00174   -0.00085   -0.00368   +332.941176 
 239   46   47  4   0  0 0.020 01.0  0.00312   +0.20802   +0.20273     -2.543025 
 240   46   48  4   0  0 0.020 01.0  0.00209   -0.05359   -0.05198     -3.004292 
 241   47   49  4   0  0 0.020 01.0  0.00472   -0.44854   -0.44212     -1.431310 
 242   42   49  4   0  0 0.020 01.0  0.00485   -0.46690   -0.46981     +0.623260 
 243   45   49  4   0  0 0.020 01.0  0.00174   +0.00067   +0.00207   +208.955224 
 244   48   49  4   0  0 0.020 01.0  0.00241   +0.10113   +0.09803     -3.065361 
 245   49   50  4   0  0 0.020 01.0  0.00269   -0.14367   -0.14360     -0.048723 
 246   49   51  4   0  0 0.020 01.0  0.00285   -0.16720   -0.17041     +1.919856 
 247   51   52  4   0  0 0.020 01.0  0.00223   -0.07479   -0.07564     +1.136516 
 248   52   53  4   0  0 0.020 01.0  0.00236   -0.09473   -0.09675     +2.132376 
 249   53   54  4   0  0 0.020 01.0  0.00256   -0.12366   -0.12457     +0.735889 
 250   49   54  4   0  0 0.020 01.0  0.00426   -0.37902   -0.37325     -1.522347 
 251   54   55  4   0  0 0.020 01.0  0.00255   +0.12222   +0.11780     -3.616429 
 252   54   56  4   0  0 0.020 01.0  0.00688   +0.77230   +0.76008     -1.582287 
 253   55   56  4   0  0 0.020 01.0  0.00255   -0.12279   -0.12295     +0.130304 
 254   56   57  4   0  0 0.020 01.0  0.00255   +0.12314   +0.11906     -3.313302 
 255   50   57  4   0  0 0.020 01.0  0.00279   -0.15804   -0.15804     +0.000000 
 256   56   58  4   0  0 0.020 01.0  0.00245   +0.10730   +0.10528     -1.882572 
 257   51   58  4   0  0 0.020 01.0  0.00262   -0.13278   -0.13226     -0.391625 
 258   54   59  4   0  0 0.020 01.0  0.00208   +0.05199   +0.04853     -6.655126 
 259   56   59  4   0  0 0.020 01.0  0.00217   +0.06503   +0.06446     -0.876519 
 260   55   59  4   0  0 0.020 01.0  0.00184   +0.01525   +0.00984    -35.475410 
 261   59   60  4   0  0 0.020 01.0  0.00629   +0.68325   +0.68635     +0.453714 
 262   59   61  4   0  0 0.020 01.0  0.00659   +0.72798   +0.72379     -0.575565 
 263   60   61  4   0  0 0.020 01.0  0.00606   +0.64894   +0.64495     -0.614849 
 264   60   62  4   0  0 0.020 01.0  0.00183   -0.01373   -0.01762    +28.332119 
 265   61   62  4   0  0 0.020 01.0  0.00341   -0.25118   -0.25595     +1.899037 
 266   63   59  4   0  0 0.020 01.0  0.00724   -0.82535   -0.83918     +1.675653 
 267   63   64  4   0  0 0.020 01.0  0.00724   +0.82535   +0.81392     -1.384867 
 268   64   61  4   0  0 0.020 01.0  0.01360   +1.77961   +1.75742     -1.246902 
 269   38   65  4   0  0 0.020 01.0  0.00561   -0.58140   -0.58816     +1.162711 
 270   64   65  4   0  0 0.020 01.0  0.00691   -0.77683   -0.78256     +0.737613 
 271   49   66  4   0  0 0.020 01.0  0.00532   +0.53773   +0.53143     -1.171592 
 272   62   66  4   0  0 0.020 01.0  0.00338   -0.24765   -0.25371     +2.447002 
 273   62   67  4   0  0 0.020 01.0  0.00325   -0.22672   -0.23341     +2.950776 
 274   65   66  4   0  0 0.040 02.0  0.00281   +0.16145   +0.16749     +3.741096 
 275   66   67  4   0  0 0.020 01.0  0.00330   +0.23462   +0.23993     +2.263234 
 276   65   68  4   0  0 0.020 01.0  0.00803   +0.94467   +0.93708     -0.803455 
 277   47   69  4   0  0 0.020 01.0  0.00630   +0.68435   +0.68507     +0.105209 
 278   49   69  4   0  0 0.020 01.0  0.00631   +0.68668   +0.67764     -1.316479 
 279   68   69  4   0  0 0.020 01.0  0.02290   +3.17524   +3.12863     -1.467921 
 280   69   70  4   0  0 0.020 01.0  0.00283   +0.16463   +0.19860    +20.634149 
 281   24   70  4   0  0 0.020 01.0  0.00426   +0.37832   +0.38097     +0.700465 
 282   70   71  4   0  0 0.020 01.0  0.00386   +0.31841   +0.32953     +3.492353 
 283   24   72  4   0  0 0.020 01.0  0.00799   +0.93801   +0.92512     -1.374186 
 284   71   72  4   0  0 0.020 01.0  0.00242   +0.10264   +0.09992     -2.650039 
 285   71   73  4   0  0 0.020 01.0  0.00311   +0.20648   +0.20174     -2.295622 
 286   70   74  4   0  0 0.020 01.0  0.00178   +0.00763   +0.01030    +34.993447 
 287   70   75  4   0  0 0.020 01.0  0.00218   -0.06677   -0.06366     -4.657780 
 288   69   75  4   0  0 0.020 01.0  0.00231   +0.08629   +0.09090     +5.342450 
 289   74   75  4   0  0 0.020 01.0  0.00336   -0.24459   -0.25026     +2.318165 
 290   76   77  4   0  0 0.020 01.0  0.00466   -0.43913   -0.43953     +0.091089 
 291   69   77  4   0  0 0.020 01.0  0.00479   -0.45787   -0.46810     +2.234259 
 292   75   77  4   0  0 0.020 01.0  0.00380   -0.31032   -0.30315     -2.310518 
 293   77   78  4   0  0 0.020 01.0  0.00368   -0.29216   -0.28993     -0.763280 
 294   78   79  4   0  0 0.020 01.0  0.00486   -0.46886   -0.47515     +1.341552 
 295   77   80  4   0  0 0.020 01.0  0.01967   -2.68994   -2.65782     -1.194079 
 296   79   80  4   0  0 0.020 01.0  0.00504   -0.49557   -0.50724     +2.354864 
 297   68   81  4   0  0 0.020 01.0  0.00243   -0.10485   -0.10590     +1.001431 
 298   81   80  4   0  0 0.020 01.0  0.00698   +0.78728   +0.77350     -1.750330 
 299   77   82  4   0  0 0.020 01.0  0.00325   -0.22697   -0.22464     -1.026567 
 300   82   83  4   0  0 0.020 01.0  0.00329   +0.23358   +0.23193     -0.706396 
 301   83   84  4   0  0 0.020 01.0  0.00279   +0.15775   +0.16159     +2.434231 
 302   83   85  4   0  0 0.020 01.0  0.00253   +0.11993   +0.12180     +1.559243 
 303   84   85  4   0  0 0.020 01.0  0.00249   +0.11360   +0.11256     -0.915493 
 304   85   86  4   0  0 0.020 01.0  0.00283   -0.16461   -0.17256     +4.829597 
 305   86   87  4   0  0 0.020 01.0  0.00320   -0.22030   -0.21821     -0.948706 
 306   85   88  4   0  0 0.020 01.0  0.00282   -0.16357   -0.16872     +3.148499 
 307   85   89  4   0  0 0.020 01.0  0.00316   -0.21459   -0.21405     -0.251643 
 308   88   89  4   0  0 0.020 01.0  0.00317   -0.21589   -0.22100     +2.366946 
 309   89   90  4   0  0 0.020 01.0  0.00485   -0.46797   -0.47706     +1.942432 
 310   90   91  4   0  0 0.020 01.0  0.00176   -0.00332   -0.00513    +54.518072 
 311   89   92  4   0  0 0.020 01.0  0.00281   -0.16109   -0.16657     +3.401825 
 312   91   92  4   0  0 0.020 01.0  0.00225   +0.07767   +0.07562     -2.639372 
 313   92   93  4   0  0 0.020 01.0  0.00272   -0.14781   -0.14926     +0.980989 
 314   92   94  4   0  0 0.020 01.0  0.00288   -0.17236   -0.17650     +2.401949 
 315   93   94  4   0  0 0.020 01.0  0.00314   -0.21077   -0.21813     +3.491958 
 316   94   95  4   0  0 0.020 01.0  0.00373   +0.29890   +0.29893     +0.010037 
 317   80   96  4   0  0 0.020 01.0  0.00199   +0.03875   +0.03854     -0.541935 
 318   82   96  4   0  0 0.020 01.0  0.00423   -0.37432   -0.38285     +2.278799 
 319   94   96  4   0  0 0.020 01.0  0.00307   +0.20027   +0.19775     -1.258301 
 320   80   97  4   0  0 0.020 01.0  0.00219   +0.06816   +0.06679     -2.009977 
 321   80   98  4   0  0 0.020 01.0  0.00325   -0.22707   -0.22719     +0.052847 
 322   80   99  4   0  0 0.020 01.0  0.00308   -0.20124   -0.20445     +1.595110 
 323   92  100  4   0  0 0.020 01.0  0.00354   -0.27086   -0.27733     +2.388688 
 324   94  100  4   0  0 0.020 01.0  0.00853   -1.01898   -1.00657     -1.217885 
 325   95   96  4   0  0 0.020 01.0  0.00230   +0.08427   +0.08398     -0.344132 
 326   96   97  4   0  0 0.020 01.0  0.00204   -0.04596   -0.04564     -0.696258 
 327   98  100  4   0  0 0.020 01.0  0.00345   -0.25749   -0.26095     +1.343742 
 328   99  100  4   0  0 0.020 01.0  0.00421   -0.37192   -0.37532     +0.914175 
 329  100  101  4   0  0 0.020 01.0  0.00389   +0.32356   +0.33062     +2.181976 
 330   92  102  4   0  0 0.020 01.0  0.00322   -0.22283   -0.22492     +0.937935 
 331  101  102  4   0  0 0.020 01.0  0.00332   +0.23771   +0.23539     -0.975979 
 332  100  103  4   0  0 0.020 01.0  0.00242   +0.10238   +0.10390     +1.484665 
 333  100  104  4   0  0 0.020 01.0  0.00215   +0.06180   +0.06211     +0.501618 
 334  103  104  4   0  0 0.020 01.0  0.00201   +0.04136   +0.04514     +9.139265 
 335  100  106  4   0  0 0.020 01.0  0.00183   +0.01500   +0.01590     +6.000000 
 336  105  107  4   0  0 0.020 01.0  0.00272   -0.14833   -0.15348     +3.471988 
 337  105  108  4   0  0 0.020 01.0  0.00199   -0.03887   -0.04002     +2.958580 
 338  106  107  4   0  0 0.020 01.0  0.00252   -0.11763   -0.11217     -4.641673 
 339  108  109  4   0  0 0.020 01.0  0.00190   -0.02449   -0.02506     +2.327481 
 340  103  110  4   0  0 0.020 01.0  0.00177   +0.00565   +0.00396    -29.911504 
 341  109  110  4   0  0 0.020 01.0  0.00198   -0.03665   -0.03414     -6.848568 
 342  110  111  4   0  0 0.020 01.0  0.00284   -0.16676   -0.16870     +1.163349 
 343  110  112  4   0  0 0.020 01.0  0.00406   -0.34900   -0.35681     +2.237822 
 344   17  113  4   0  0 0.020 01.0  0.00532   -0.53820   -0.54053     +0.432925 
 345   32  113  4   0  0 0.020 01.0  0.00334   -0.24182   -0.24725     +2.245472 
 346   32  114  4   0  0 0.020 01.0  0.00189   +0.02276   +0.01995    -12.346221 
 347   27  115  4   0  0 0.020 01.0  0.00179   +0.00810   +0.00607    -25.061728 
 348  114  115  4   0  0 0.020 01.0  0.00187   +0.02021   +0.01799    -10.984661 
 349   68  116  4   0  0 0.020 01.0  0.01283   -1.66477   -1.67042     +0.339386 
 350   12  117  4   0  0 0.020 01.0  0.00184   +0.01602   +0.01289    -19.538077 
 351   75  118  4   0  0 0.020 01.0  0.00245   +0.10719   +0.11098     +3.535778 
 352   76  118  4   0  0 0.020 01.0  0.00186   -0.01894   -0.02287    +20.749736 
 353    0    2  3   2  0 0.020 01.0  0.00012   -0.29321   -0.29326     +0.017053 
 354    0    5  3   5  0 0.020 01.0  0.00012   -0.23440   -0.23459     +0.081058 
 355    0    9  3   9  0 0.020 01.0  0.00012   -0.15469   -0.15487     +0.116362 
 356    0   11  3  11  0 0.020 01.0  0.00012   -0.28989   -0.28979     -0.034496 
 357    0   12  3  12  0 0.020 01.0  0.00012   -0.28631   -0.28646     +0.052391 
 358    0   17  3  17  0 0.020 01.0  0.00012   -0.18097   -0.18099     +0.011052 
 359    0   21  3  21  0 0.020 01.0  0.00012   -0.13500   -0.13530     +0.222222 
 360    0   25  3  25  0 0.020 01.0  0.00012   +0.06796   +0.06774     -0.323720 
 361    0   28  3  28  0 0.020 01.0  0.00012   -0.03890   -0.03917     +0.694087 
 362    0  114  3 114  0 0.020 01.0  0.00012   -0.03632   -0.03615     -0.468062 
 363    0    2  6   2  0 0.010 01.0  0.00355   +1.06605   +1.06292     -0.293607 
 364    0    5  6   5  0 0.010 01.0  0.00361   +1.08416   +1.08681     +0.244429 
 365    0    9  6   9  0 0.010 01.0  0.00366   +1.09710   +1.08849     -0.784796 
 366    0   11  6  11  0 0.010 01.0  0.00357   +1.07085   +1.06568     -0.482794 
 367    0   12  6  12  0 0.010 01.0  0.00360   +1.08000   +1.08002     +0.001852 
 368    0   17  6  17  0 0.010 01.0  0.00359   +1.07755   +1.07445     -0.287690 
 369    0   21  6  21  0 0.010 01.0  0.00352   +1.05622   +1.05051     -0.540607 
 370    0   25  6  25  0 0.010 01.0  0.00367   +1.10000   +1.10308     +0.280000 
 371    0   28  6  28  0 0.010 01.0  0.00365   +1.09422   +1.08570     -0.778637 
 372    0  114  6 114  0 0.010 01.0  0.00363   +1.08875   +1.09209     +0.306774 
 373    2   12  7   2  0 0.010 01.0  0.00038   -0.11368   -0.11357     -0.096763 
 374    2    1  7   2  0 0.010 01.0  0.00003   +0.00747   +0.00750     +0.401606 
 375    5    6  7   5  0 0.010 01.0  0.00186   +0.55669   +0.55470     -0.357470 
 376    5   11  7   5  0 0.010 01.0  0.00282   +0.84717   +0.85546     +0.978552 
 377    5    4  7   5  0 0.010 01.0  0.00219   +0.65650   +0.65472     -0.271135 
 378    5    3  7   5  0 0.010 01.0  0.00159   +0.47721   +0.47792     +0.148781 
 379    5    8  7   5  0 0.010 01.0  0.00812   -2.43685   -2.42397     -0.528551 
 380    9   10  7   9  0 0.010 01.0  0.00265   -0.79397   -0.79920     +0.658715 
 381    9    8  7   9  0 0.010 01.0  0.00265   +0.79397   +0.79268     -0.162475 
 382   11   12  7  11  0 0.010 01.0  0.00064   -0.19044   -0.19086     +0.220542 
 383   11   13  7  11  0 0.010 01.0  0.00475   +1.42401   +1.41640     -0.534406 
 384   11    4  7  11  0 0.010 01.0  0.00259   -0.77709   -0.78257     +0.705195 
 385   11    5  7  11  0 0.010 01.0  0.00281   -0.84232   -0.84702     +0.557983 
 386   12   14  7  12  0 0.010 01.0  0.00042   -0.12530   -0.12496     -0.271349 
 387   12   16  7  12  0 0.010 01.0  0.00105   -0.31408   -0.31467     +0.187850 
 388   12  117  7  12  0 0.010 01.0  0.00039   +0.11801   +0.11857     +0.474536 
 389   12   11  7  12  0 0.010 01.0  0.00064   +0.19197   +0.19121     -0.395895 
 390   12    2  7  12  0 0.010 01.0  0.00040   +0.11850   +0.11907     +0.481013 
 391   12    3  7  12  0 0.010 01.0  0.00002   -0.00688   -0.00690     +0.290698 
 392   12    7  7  12  0 0.010 01.0  0.00131   -0.39409   -0.39653     +0.619148 
 393   17   18  7  17  0 0.010 01.0  0.00203   +0.60853   +0.60751     -0.167617 
 394   17   31  7  17  0 0.010 01.0  0.00272   -0.81695   -0.81560     -0.165249 
 395   17  113  7  17  0 0.010 01.0  0.00234   -0.70342   -0.70501     +0.226038 
 396   17   15  7  17  0 0.010 01.0  0.00428   +1.28402   +1.28565     +0.126945 
 397   17   16  7  17  0 0.010 01.0  0.00156   +0.46875   +0.46960     +0.181333 
 398   17   30  7  17  0 0.010 01.0  0.00302   -0.90589   -0.90904     +0.347724 
 399   21   22  7  21  0 0.010 01.0  0.00200   -0.59891   -0.59708     -0.305555 
 400   21   20  7  21  0 0.010 01.0  0.00172   +0.51585   +0.51748     +0.315983 
 401   25   27  7  25  0 0.010 01.0  0.00177   +0.53101   +0.53029     -0.135591 
 402   25   23  7  25  0 0.010 01.0  0.00224   +0.67152   +0.67051     -0.150405 
 403   25   26  7  25  0 0.010 01.0  0.00028   -0.08438   -0.08484     +0.545153 
 404   28   29  7  28  0 0.010 01.0  0.00066   +0.19737   +0.19778     +0.207732 
 405   28   27  7  28  0 0.010 01.0  0.00101   -0.30159   -0.30352     +0.639942 
 406  114  115  7 114  0 0.010 01.0  0.00055   -0.16547   -0.16462     -0.513688 
 407  114   32  7 114  0 0.010 01.0  0.00039   +0.11569   +0.11495     -0.639640 
 408    2   12  8   2  0 0.010 01.0  0.00075   +0.22407   +0.22399     -0.035703 
 409    2    1  8   2  0 0.010 01.0  0.00044   -0.13125   -0.13156     +0.236190 
 410    5    6  8   5  0 0.010 01.0  0.00179   -0.53795   -0.53782     -0.024166 
 411    5   11  8   5  0 0.010 01.0  0.00052   -0.15490   -0.15515     +0.161394 
 412    5    4  8   5  0 0.010 01.0  0.00642   +1.92708   +1.91974     -0.380887 
 413    5    3  8   5  0 0.010 01.0  0.00069   -0.20679   -0.20566     -0.546448 
 414    5    8  8   5  0 0.010 01.0  0.00202   -0.60564   -0.60205     -0.592761 
 415    9   10  8   9  0 0.010 01.0  0.00271   +0.81168   +0.81160     -0.009856 
 416    9    8  8   9  0 0.010 01.0  0.00271   -0.81168   -0.81249     +0.099793 
 417   11   12  8  11  0 0.010 01.0  0.00149   +0.44796   +0.44864     +0.151799 
 418   11   13  8  11  0 0.010 01.0  0.00248   -0.74349   -0.74804     +0.611979 
 419   11    4  8  11  0 0.010 01.0  0.00130   +0.39065   +0.39100     +0.089594 
 420   11    5  8  11  0 0.010 01.0  0.00058   +0.17298   +0.17253     -0.260146 
 421   12   14  8  12  0 0.010 01.0  0.00019   -0.05542   -0.05560     +0.324792 
 422   12   16  8  12  0 0.010 01.0  0.00017   -0.04944   -0.04910     -0.687702 
 423   12  117  8  12  0 0.010 01.0  0.00017   -0.05020   -0.04996     -0.478088 
 424   12   11  8  12  0 0.010 01.0  0.00148   -0.44278   -0.44538     +0.587199 
 425   12    2  8  12  0 0.010 01.0  0.00069   -0.20790   -0.20810     +0.096200 
 426   12    3  8  12  0 0.010 01.0  0.00030   -0.08848   -0.08902     +0.610307 
 427   12    7  8  12  0 0.010 01.0  0.00145   -0.43596   -0.43811     +0.493165 
 428   17   18  8  17  0 0.010 01.0  0.00050   -0.15063   -0.14986     -0.511186 
 429   17   31  8  17  0 0.010 01.0  0.00005   +0.01599   +0.01599     +0.000000 
 430   17  113  8  17  0 0.010 01.0  0.00212   +0.63647   +0.63855     +0.326803 
 431   17   15  8  17  0 0.010 01.0  0.00062   -0.18648   -0.18682     +0.182325 
 432   17   16  8  17  0 0.010 01.0  0.00006   +0.01825   +0.01825     +0.000000 
 433   17   30  8  17  0 0.010 01.0  0.00101   -0.30189   -0.30374     +0.612806 
 434   21   22  8  21  0 0.010 01.0  0.00009   +0.02705   +0.02718     +0.480591 
 435   21   20  8  21  0 0.010 01.0  0.00012   +0.03678   +0.03689     +0.299076 
 436   25   27  8  25  0 0.010 01.0  0.00062   +0.18588   +0.18600     +0.064558 
 437   25   23  8  25  0 0.010 01.0  0.00012   +0.03466   +0.03439     -0.778996 
 438   25   26  8  25  0 0.010 01.0  0.01087   -3.26116   -3.26646     +0.162519 
 439   28   29  8  28  0 0.010 01.0  0.00029   +0.08626   +0.08599     -0.313007 
 440   28   27  8  28  0 0.010 01.0  0.00013   -0.03830   -0.03845     +0.391645 
 441  114  115  8 114  0 0.010 01.0  0.00004   -0.01256   -0.01262     +0.477707 
 442  114   32  8 114  0 0.010 01.0  0.00011   +0.03367   +0.03387     +0.594001 
----------------------------------------------------------------------------------
Número de medidores SCADA:     352
Número de PMUs:                114
Número de medidas das PMUs:    90
----------------------------------------------------------------------------------

Matriz de pesos formada com as covariâncias das telemedidas.
Medidas de ângulo: 
Barra: 2
Barra: 5
Barra: 9
Barra: 11
Barra: 12
Barra: 17
Barra: 21
Barra: 25
Barra: 28
Barra: 114
Não há medidores desabilitados.
============= Estado Ref =============== Estado Est ================ TVE =========
Barra     Mod(pu)    Ang(graus)      Mod(pu)   Ang(graus)            (%)         
----------------------------------------------------------------------------------
   1       1.0510       -16.82        1.0499       -16.83          0.1015 
   2       1.0660       -16.80        1.0651       -16.81          0.0891 
   3       1.0620       -16.28        1.0607       -16.29          0.1223 
   4       1.1000       -13.70        1.0989       -13.69          0.1029 
   5       1.0840       -13.43        1.0831       -13.43          0.0809 
   6       1.0550       -15.13        1.0540       -15.12          0.1013 
   7       1.0640       -15.69        1.0631       -15.69          0.0855 
   8       1.0550       -10.20        1.0541       -10.21          0.0876 
   9       1.0970        -8.86        1.0962        -8.87          0.0746 
  10       1.1000        -7.34        1.0991        -7.34          0.0805 
  11       1.0790       -16.61        1.0698       -16.62          0.8506 
  12       1.0800       -16.40        1.0790       -16.41          0.0922 
  13       1.0190       -22.71        1.0172       -22.70          0.1803 
  14       1.0750       -15.90        1.0743       -15.90          0.0614 
  15       1.0630       -13.44        1.0621       -13.43          0.0897 
  16       1.0740       -14.96        1.0732       -14.96          0.0772 
  17       1.0780       -10.37        1.0766       -10.37          0.1298 
  18       1.0680       -12.03        1.0671       -12.04          0.0876 
  19       1.0600       -12.75        1.0590       -12.76          0.0942 
  20       1.0560       -10.16        1.0544       -10.18          0.1533 
  21       1.0560        -7.73        1.0547        -7.75          0.1260 
  22       1.0640        -4.54        1.0623        -4.57          0.1625 
  23       1.0860         1.10        1.0850         1.09          0.0963 
  24       1.0800         2.83        1.0785         2.81          0.1399 
  25       1.1000         3.89        1.0988         3.88          0.1087 
  26       0.9760         4.58        0.9746         4.57          0.1454 
  27       1.0950        -0.83        1.0939        -0.83          0.0985 
  28       1.0940        -2.23        1.0931        -2.24          0.0831 
  29       1.0970        -3.28        1.0963        -3.30          0.0695 
  30       1.0600        -8.61        1.0592        -8.61          0.0767 
  31       1.1000        -3.41        1.0990        -3.42          0.0942 
  32       1.0890        -2.47        1.0879        -2.46          0.0985 
  33       1.0500       -14.40        1.0493       -14.43          0.0825 
  34       1.0490       -14.76        1.0484       -14.79          0.0791 
  35       1.0410       -14.91        1.0404       -14.94          0.0760 
  36       1.0410       -14.90        1.0405       -14.93          0.0708 
  37       1.0460       -14.41        1.0450       -14.44          0.1044 
  38       1.0650       -11.61        1.0643       -11.62          0.0639 
  39       0.9900       -15.81        0.9884       -15.82          0.1578 
  40       0.9650       -16.07        0.9637       -16.10          0.1441 
  41       0.9710       -17.00        0.9702       -17.03          0.0952 
  42       1.0050       -17.58        1.0046       -17.61          0.0743 
  43       1.0560       -16.60        1.0548       -16.63          0.1288 
  44       1.0710       -17.68        1.0707       -17.72          0.0729 
  45       1.0700       -17.46        1.0697       -17.52          0.1008 
  46       1.0770       -15.85        1.0766       -15.93          0.1486 
  47       1.0560       -14.44        1.0560       -14.52          0.1402 
  48       1.0800       -16.17        1.0797       -16.20          0.0655 
  49       1.0770       -15.79        1.0766       -15.83          0.0835 
  50       1.0780       -17.27        1.0774       -17.34          0.1259 
  51       1.0780       -19.10        1.0774       -19.15          0.0974 
  52       1.0780       -19.73        1.0775       -19.77          0.0806 
  53       1.0860       -20.44        1.0856       -20.47          0.0660 
  54       1.1000       -20.08        1.0993       -20.11          0.0879 
  55       1.0910       -20.05        1.0904       -20.09          0.0856 
  56       1.0930       -20.02        1.0924       -20.06          0.0923 
  57       1.0860       -19.11        1.0854       -19.13          0.0663 
  58       1.0830       -19.66        1.0829       -19.70          0.0621 
  59       1.0900       -18.02        1.0898       -18.06          0.0729 
  60       1.0050       -14.96        1.0044       -14.98          0.0683 
  61       0.9980       -14.30        0.9976       -14.30          0.0351 
  62       1.0060       -14.75        1.0058       -14.77          0.0365 
  63       1.0580       -14.97        1.0577       -15.00          0.0589 
  64       1.0440       -13.24        1.0431       -13.26          0.0986 
  65       1.0680        -9.72        1.0679        -9.76          0.0750 
  66       1.0640       -12.86        1.0639       -12.90          0.0777 
  67       1.0340       -14.26        1.0335       -14.31          0.1047 
  68       1.0560        -6.31        1.0555        -6.35          0.0839 
  69       0.9500         0.00        0.9515         0.06          0.1868 
  70       0.9150        -1.10        0.9139        -1.19          0.2020 
  71       0.9080         0.40        0.9063         0.31          0.2381 
  72       0.9000         4.35        0.8994         4.34          0.0651 
  73       0.9000         1.35        0.8986         1.28          0.1991 
  74       0.9000        -3.73        0.8992        -3.74          0.0879 
  75       0.9130        -3.58        0.9122        -3.60          0.0932 
  76       0.9000        -4.71        0.8992        -4.72          0.0842 
  77       0.9780        -4.33        0.9785        -4.39          0.1081 
  78       0.9780        -5.04        0.9788        -5.08          0.1146 
  79       0.9880        -5.73        0.9884        -5.79          0.1148 
  80       1.0210        -6.60        1.0215        -6.64          0.0877 
  81       1.0490        -6.39        1.0487        -6.43          0.0816 
  82       1.0030        -3.25        1.0035        -3.27          0.0619 
  83       1.0040        -1.37        1.0038        -1.42          0.0954 
  84       1.0060         2.04        1.0056         1.96          0.1403 
  85       1.0130         3.90        1.0126         3.85          0.0984 
  86       1.0440         5.91        1.0443         5.83          0.1393 
  87       1.1000        10.74        1.1002        10.70          0.0675 
  88       1.0350         5.59        1.0347         5.52          0.1277 
  89       1.0590         7.92        1.0590         7.87          0.0959 
  90       1.0740         5.66        1.0741         5.60          0.1034 
  91       1.0740         5.79        1.0741         5.73          0.0985 
  92       1.0490         3.38        1.0493         3.37          0.0314 
  93       1.0450         0.10        1.0447         0.04          0.1015 
  94       1.0470        -2.44        1.0475        -2.48          0.0870 
  95       1.0280        -3.44        1.0284        -3.47          0.0678 
  96       1.0190        -4.05        1.0198        -4.07          0.0846 
  97       1.0170        -5.54        1.0179        -5.57          0.0992 
  98       1.0460        -6.22        1.0466        -6.24          0.0634 
  99       1.0710        -3.68        1.0716        -3.71          0.0849 
 100       1.1000        -3.59        1.1008        -3.62          0.0870 
 101       1.0690        -1.21        1.0693        -1.26          0.0894 
 102       1.0550         1.77        1.0553         1.76          0.0314 
 103       1.0910        -3.93        1.0917        -3.96          0.0812 
 104       1.0790        -4.23        1.0793        -4.26          0.0602 
 105       1.0790        -4.40        1.0799        -4.38          0.0892 
 106       1.0830        -4.80        1.0837        -4.81          0.0673 
 107       1.1000        -4.62        1.1011        -4.59          0.1150 
 108       1.0800        -4.55        1.0810        -4.54          0.0980 
 109       1.0800        -4.59        1.0814        -4.58          0.1311 
 110       1.0830        -4.50        1.0838        -4.50          0.0730 
 111       1.1000        -3.58        1.1011        -3.56          0.1018 
 112       1.1000        -5.07        1.1013        -5.07          0.1222 
 113       1.1000        -9.34        1.0991        -9.34          0.0788 
 114       1.0890        -2.08        1.0877        -2.07          0.1227 
 115       1.0890        -1.99        1.0878        -1.98          0.1077 
 116       1.0620        -6.08        1.0620        -6.12          0.0648 
 117       1.0710       -17.30        1.0702       -17.31          0.0735 
 118       0.9020        -4.46        0.9016        -4.46          0.0446 
----------------------------------------------------------------------------------
Convergiu em:    3 iteraçoes com TVE medio de     0.1030 
----------------------------------------------------------------------------------
--- RESIDUOS NORMALIZADOS --------------------------------------------------------
   N    D    P  TP      Real     Medido   Estimado      Med-Est        rn 
----------------------------------------------------------------------------------
 129   86   87  1    -0.4927    -0.4969    -0.4969  +2.2141e-006 100000.000 
 280   69   70  4    +0.1646    +0.1986    +0.1802  +1.8437e-002      8.060 
 104   69   70  1    +0.1837    +0.2192    +0.2046  +1.4567e-002      7.152 
 112   69   75  1    +0.4910    +0.4818    +0.5046  -2.2809e-002      5.387 
 111   70   75  1    +0.2402    +0.2460    +0.2319  +1.4095e-002      5.183 
 288   69   75  4    +0.0863    +0.0909    +0.0974  -6.4684e-003      4.454 
 291   69   77  4    -0.4579    -0.4681    -0.4536  -1.4479e-002      3.930 
 287   70   75  4    -0.0668    -0.0637    -0.0695  +5.8575e-003      3.403 
 292   75   77  4    -0.3103    -0.3031    -0.3145  +1.1371e-002      3.348 
  91   63   64  1    -1.5904    -1.5760    -1.5903  +1.4235e-002      2.994 
 428   17   18  8    -0.1506    -0.1499    -0.1503  +4.3403e-004      2.981 
 422   12   16  8    -0.0494    -0.0491    -0.0491  -4.8637e-005      2.975 
  90   63   59  1    +1.5904    +1.5698    +1.5951  -2.5297e-002      2.948 
 337  105  108  4    -0.0389    -0.0400    -0.0409  +9.2848e-004      2.902 
 339  108  109  4    -0.0245    -0.0251    -0.0254  +3.4244e-004      2.901 
 341  109  110  4    -0.0367    -0.0341    -0.0351  +9.6626e-004      2.899 
  24   18   19  1    +0.3094    +0.3057    +0.3127  -7.0178e-003      2.888 
 294   78   79  4    -0.4689    -0.4752    -0.4713  -3.8865e-003      2.885 
 296   79   80  4    -0.4956    -0.5072    -0.4948  -1.2439e-002      2.867 
 338  106  107  4    -0.1176    -0.1122    -0.1158  +3.6412e-003      2.852 
 336  105  107  4    -0.1483    -0.1535    -0.1490  -4.5022e-003      2.846 
 335  100  106  4    +0.0150    +0.0159    +0.0135  +2.3773e-003      2.826 
 407  114   32  7    +0.1157    +0.1150    +0.1152  -2.0069e-004      2.816 
  25   19   20  1    -0.4028    -0.4100    -0.3989  -1.1048e-002      2.804 
 340  103  110  4    +0.0056    +0.0040    +0.0057  -1.6949e-003      2.785 
 293   77   78  4    -0.2922    -0.2899    -0.2889  -1.0468e-003      2.776 
 116   75   77  1    -0.0289    -0.0233    -0.0270  +3.6763e-003      2.695 
 274   65   66  4    +0.1615    +0.1675    +0.1606  +6.9115e-003      2.660 
 374    2    1  7    +0.0075    +0.0075    +0.0075  +1.4066e-006      2.648 
 156  100  103  1    +0.1777    +0.1797    +0.1773  +2.3606e-003      2.646 
 138   92   94  1    +0.6595    +0.6777    +0.6626  +1.5094e-002      2.634 
 158  103  104  1    +0.0584    +0.0626    +0.0593  +3.2847e-003      2.630 
 406  114  115  7    -0.1655    -0.1646    -0.1649  +2.7954e-004      2.576 
 354    0    5  3    -0.2344    -0.2346    -0.2344  -2.3842e-004      2.572 
 442  114   32  8    +0.0337    +0.0339    +0.0338  +2.2413e-005      2.568 
 286   70   74  4    +0.0076    +0.0103    +0.0074  +2.9205e-003      2.538 
 157  100  104  1    +0.0863    +0.0823    +0.0867  -4.4717e-003      2.534 
  44   15   33  1    +0.1683    +0.1768    +0.1725  +4.2622e-003      2.523 
  48   33   37  1    +0.0103    +0.0118    +0.0099  +1.9048e-003      2.519 
 289   74   75  4    -0.2446    -0.2503    -0.2535  +3.2550e-003      2.517 
 172  114  115  1    -0.1795    -0.1860    -0.1787  -7.2975e-003      2.504 
 275   66   67  4    +0.2346    +0.2399    +0.2355  +4.3897e-003      2.493 
 376    5   11  7    +0.8472    +0.8555    +0.8488  +6.6853e-003      2.479 
 119   77   80  1    -0.3555    -0.3612    -0.3649  +3.7185e-003      2.454 
 273   62   67  4    -0.2267    -0.2334    -0.2283  -5.1289e-003      2.453 
 414    5    8  8    -0.6056    -0.6020    -0.6036  +1.5151e-003      2.338 
   1    1    2  1    -0.0474    -0.0525    -0.0476  -4.8376e-003      2.327 
 225   34   36  4    +0.2505    +0.2533    +0.2484  +4.9253e-003      2.307 
 174   12  117  1    +0.1376    +0.1320    +0.1378  -5.8839e-003      2.280 
  82   54   59  1    -0.1679    -0.1742    -0.1683  -5.8715e-003      2.275 
  10    4   11  1    +0.9328    +0.9154    +0.9330  -1.7620e-002      2.275 
 270   64   65  4    -0.7768    -0.7826    -0.7894  +6.8687e-003      2.267 
 222   35   36  4    -0.0045    -0.0082    -0.0077  -4.9239e-004      2.259 
 223   35   37  4    -0.0575    -0.0546    -0.0579  +3.2986e-003      2.255 
 433   17   30  8    -0.3019    -0.3037    -0.3031  -6.7028e-004      2.251 
 115   69   77  1    +0.5684    +0.5794    +0.5896  -1.0193e-002      2.248 
 189    2   12  4    -0.1936    -0.2006    -0.1937  -6.8038e-003      2.247 
 170   32  114  1    -0.1244    -0.1294    -0.1236  -5.7242e-003      2.234 
 260   55   59  4    +0.0153    +0.0098    +0.0133  -3.4824e-003      2.224 
 177    1    2  4    -0.1580    -0.1646    -0.1585  -6.1592e-003      2.200 
 226   34   37  4    +0.5393    +0.5297    +0.5337  -3.9685e-003      2.193 
 347   27  115  4    +0.0081    +0.0061    +0.0088  -2.7522e-003      2.190 
 365    0    9  6    +1.0971    +1.0885    +1.0962  -7.7362e-003      2.163 
 356    0   11  3    -0.2899    -0.2898    -0.2900  +2.1549e-004      2.160 
 181    5    6  4    +0.4271    +0.4181    +0.4273  -9.2189e-003      2.155 
   7    8    9  1    -0.9916    -1.0090    -0.9918  -1.7233e-002      2.147 
  92   64   61  1    +0.7178    +0.7075    +0.7028  +4.6581e-003      2.115 
 409    2    1  8    -0.1313    -0.1316    -0.1319  +3.2000e-004      2.107 
   3    4    5  1    -0.1998    -0.2081    -0.2031  -4.9717e-003      2.100 
 404   28   29  7    +0.1974    +0.1978    +0.1973  +4.4225e-004      2.093 
 371    0   28  6    +1.0942    +1.0857    +1.0931  -7.4273e-003      2.083 
 199   17   18  4    +0.0417    +0.0453    +0.0412  +4.0467e-003      2.081 
   4    3    5  1    -0.5487    -0.5603    -0.5492  -1.1102e-002      2.048 
 213    8   30  4    -0.3337    -0.3377    -0.3303  -7.4292e-003      2.048 
 192   11   13  4    +0.3271    +0.3251    +0.3316  -6.5716e-003      2.037 
 312   91   92  4    +0.0777    +0.0756    +0.0784  -2.7455e-003      2.016 
 310   90   91  4    -0.0033    -0.0051    -0.0040  -1.1197e-003      2.015 
 309   89   90  4    -0.4680    -0.4771    -0.4703  -6.7631e-003      2.009 
 403   25   26  7    -0.0844    -0.0848    -0.0848  -4.4007e-005      2.005 
 324   94  100  4    -1.0190    -1.0066    -1.0196  +1.3036e-002      1.980 
 101   47   69  1    -0.6808    -0.6787    -0.6905  +1.1795e-002      1.979 
 249   53   54  4    -0.1237    -0.1246    -0.1219  -2.6844e-003      1.945 
 147   92  100  1    +0.4208    +0.4140    +0.4222  -8.2271e-003      1.935 
 306   85   88  4    -0.1636    -0.1687    -0.1656  -3.0702e-003      1.930 
 248   52   53  4    -0.0947    -0.0968    -0.0937  -3.0736e-003      1.928 
 377    5    4  7    +0.6565    +0.6547    +0.6571  -2.3894e-003      1.926 
  30   23   24  1    -0.6294    -0.6279    -0.6252  -2.6974e-003      1.926 
 268   64   61  4    +1.7796    +1.7574    +1.7736  -1.6202e-002      1.915 
 352   76  118  4    -0.0189    -0.0229    -0.0224  -4.3452e-004      1.910 
 423   12  117  8    -0.0502    -0.0500    -0.0499  -3.0491e-005      1.903 
 308   88   89  4    -0.2159    -0.2210    -0.2184  -2.6191e-003      1.902 
 198   16   17  4    +0.0951    +0.0996    +0.0951  +4.4908e-003      1.884 
 247   51   52  4    -0.0748    -0.0756    -0.0747  -9.5895e-004      1.874 
 202   15   19  4    +0.1669    +0.1690    +0.1653  +3.7113e-003      1.872 
 108   71   72  1    -0.2823    -0.2843    -0.2890  +4.6675e-003      1.872 
 351   75  118  4    +0.1072    +0.1110    +0.1103  +6.3572e-004      1.870 
 416    9    8  8    -0.8117    -0.8125    -0.8135  +9.7868e-004      1.867 
  32   26   25  1    +0.3362    +0.3287    +0.3358  -7.1202e-003      1.859 
 426   12    3  8    -0.0885    -0.0890    -0.0887  -3.2393e-004      1.856 
 117   77   78  1    +0.8668    +0.8505    +0.8554  -4.9446e-003      1.850 
 107   24   72  1    +0.1089    +0.1054    +0.1073  -1.9007e-003      1.848 
 106   70   71  1    -0.5360    -0.5276    -0.5294  +1.8042e-003      1.846 
   2    1    3  1    -0.3006    -0.2943    -0.3009  +6.6735e-003      1.831 
 200   18   19  4    +0.0984    +0.0957    +0.0988  -3.0561e-003      1.826 
 290   76   77  4    -0.4391    -0.4395    -0.4469  +7.4089e-003      1.815 
 210   27   28  4    -0.0726    -0.0687    -0.0727  +3.9644e-003      1.813 
  11    5   11  1    +0.9324    +0.9475    +0.9331  +1.4395e-002      1.807 
 217   23   32  4    -0.2393    -0.2335    -0.2390  +5.5079e-003      1.778 
 120   79   80  1    +0.1094    +0.1030    +0.1056  -2.6265e-003      1.769 
 417   11   12  8    +0.4480    +0.4486    +0.4506  -1.9481e-003      1.756 
 246   49   51  4    -0.1672    -0.1704    -0.1668  -3.5600e-003      1.754 
 118   78   79  1    +0.3785    +0.3815    +0.3844  -2.9443e-003      1.752 
 179    4    5  4    +2.2280    +2.1877    +2.2142  -2.6536e-002      1.728 
 413    5    3  8    -0.2068    -0.2057    -0.2066  +9.5361e-004      1.723 
 194   13   15  4    +0.0494    +0.0446    +0.0478  -3.1955e-003      1.718 
  45   19   34  1    +0.1588    +0.1554    +0.1596  -4.1927e-003      1.717 
 171   27  115  1    +0.3311    +0.3212    +0.3270  -5.7874e-003      1.705 
  35   28   29  1    +0.2121    +0.2067    +0.2119  -5.1403e-003      1.695 
 187    5   11  4    -0.0500    -0.0470    -0.0504  +3.3867e-003      1.690 
 141   80   96  1    -0.2417    -0.2396    -0.2447  +5.1541e-003      1.689 
 259   56   59  4    +0.0650    +0.0645    +0.0619  +2.6029e-003      1.674 
 384   11    4  7    -0.7771    -0.7826    -0.7785  -4.0535e-003      1.665 
  57   40   42  1    +0.0697    +0.0716    +0.0685  +3.0418e-003      1.660 
 432   17   16  8    +0.0182    +0.0182    +0.0182  +6.7438e-006      1.658 
 390   12    2  7    +0.1185    +0.1191    +0.1186  +4.8287e-004      1.654 
 139   93   94  1    +0.6031    +0.5910    +0.5956  -4.5877e-003      1.638 
 137   92   93  1    +0.6969    +0.7018    +0.7086  -6.8585e-003      1.626 
 359    0   21  3    -0.1350    -0.1353    -0.1353  -4.7736e-005      1.625 
  58   41   42  1    -0.0006    -0.0023    -0.0009  -1.4297e-003      1.616 
 399   21   22  7    -0.5989    -0.5971    -0.5958  -1.2689e-003      1.604 
  56   40   41  1    +0.2540    +0.2483    +0.2503  -2.0007e-003      1.604 
  12   11   12  1    -0.3325    -0.3393    -0.3330  -6.3278e-003      1.600 
 396   17   15  7    +1.2840    +1.2857    +1.2805  +5.1943e-003      1.595 
 346   32  114  4    +0.0228    +0.0199    +0.0229  -2.9523e-003      1.585 
 216   29   31  4    -0.1053    -0.1059    -0.1072  +1.3069e-003      1.566 
 183    8    9  4    -2.0135    -2.0353    -2.0122  -2.3077e-002      1.546 
 182    6    7  4    -0.5534    -0.5610    -0.5549  -6.0356e-003      1.541 
  29   22   23  1    -0.7062    -0.7163    -0.7069  -9.4402e-003      1.532 
 388   12  117  7    +0.1180    +0.1186    +0.1185  +1.0119e-004      1.529 
 389   12   11  7    +0.1920    +0.1912    +0.1919  -6.9206e-004      1.518 
  83   56   59  1    -0.2957    -0.2929    -0.2971  +4.2820e-003      1.516 
 211   28   29  4    -0.1027    -0.0988    -0.1024  +3.5857e-003      1.512 
 272   62   66  4    -0.2477    -0.2537    -0.2489  -4.7936e-003      1.506 
 381    9    8  7    +0.7940    +0.7927    +0.7944  -1.7656e-003      1.496 
 196   12   16  4    +0.1470    +0.1426    +0.1466  -3.9639e-003      1.490 
 350   12  117  4    +0.0160    +0.0129    +0.0156  -2.6760e-003      1.481 
 419   11    4  8    +0.3907    +0.3910    +0.3893  +1.6976e-003      1.475 
 441  114  115  8    -0.0126    -0.0126    -0.0126  -1.5365e-006      1.472 
 345   32  113  4    -0.2418    -0.2473    -0.2425  -4.7672e-003      1.435 
  33   25   27  1    +0.5966    +0.5862    +0.5941  -7.9068e-003      1.434 
 169   32  113  1    +0.6419    +0.6327    +0.6410  -8.2565e-003      1.417 
 175   75  118  1    +0.2963    +0.2893    +0.2909  -1.6999e-003      1.416 
 176   76  118  1    -0.0684    -0.0716    -0.0723  +6.9953e-004      1.395 
  75   54   55  1    +0.0234    +0.0264    +0.0239  +2.5360e-003      1.390 
  40   29   31  1    +0.0471    +0.0445    +0.0438  +6.7055e-004      1.387 
  42   31   32  1    -0.1480    -0.1484    -0.1515  +3.1817e-003      1.386 
 238   45   46  4    -0.0008    -0.0037    -0.0025  -1.1524e-003      1.385 
 295   77   80  4    -2.6899    -2.6578    -2.6811  +2.3257e-002      1.363 
 195   14   15  4    +0.1083    +0.1051    +0.1084  -3.2851e-003      1.362 
  86   59   61  1    -0.3071    -0.3153    -0.3107  -4.5509e-003      1.358 
 427   12    7  8    -0.4360    -0.4381    -0.4373  -8.1358e-004      1.345 
 209   25   27  4    -0.1643    -0.1682    -0.1645  -3.7403e-003      1.343 
 114   76   77  1    -0.1666    -0.1667    -0.1638  -2.8218e-003      1.337 
  85   59   60  1    -0.2495    -0.2552    -0.2515  -3.7121e-003      1.321 
 323   92  100  4    -0.2709    -0.2773    -0.2728  -4.4977e-003      1.321 
  97   62   67  1    -0.1236    -0.1185    -0.1169  -1.5993e-003      1.321 
 333  100  104  4    +0.0618    +0.0621    +0.0643  -2.1587e-003      1.294 
 178    1    3  4    -0.1789    -0.1832    -0.1798  -3.3692e-003      1.290 
 197   15   17  4    +0.0740    +0.0702    +0.0727  -2.5276e-003      1.284 
 154   92  102  1    +0.5103    +0.5107    +0.5086  +2.1233e-003      1.283 
 300   82   83  4    +0.2336    +0.2319    +0.2328  -8.9461e-004      1.274 
 392   12    7  7    -0.3941    -0.3965    -0.3973  +7.3776e-004      1.273 
 155  101  102  1    -0.4668    -0.4795    -0.4756  -3.8347e-003      1.273 
 153  100  101  1    -0.3119    -0.3095    -0.3071  -2.3954e-003      1.272 
   5    5    6  1    +0.7225    +0.7121    +0.7201  -7.9518e-003      1.265 
 186    4   11  4    +0.1943    +0.1960    +0.1923  +3.7321e-003      1.261 
  99   66   67  1    +0.3194    +0.3247    +0.3218  +2.9373e-003      1.239 
 203   20   21  4    +0.1103    +0.1137    +0.1107  +3.0484e-003      1.238 
 372    0  114  6    +1.0888    +1.0921    +1.0877  +4.4196e-003      1.233 
 369    0   21  6    +1.0562    +1.0505    +1.0547  -4.2087e-003      1.223 
 212   30   17  4    -0.4603    -0.4558    -0.4614  +5.6594e-003      1.218 
  26   15   19  1    -0.2941    -0.2832    -0.2855  +2.2954e-003      1.205 
 437   25   23  8    +0.0347    +0.0344    +0.0344  -8.7102e-006      1.197 
 348  114  115  4    +0.0202    +0.0180    +0.0202  -2.2138e-003      1.195 
 366    0   11  6    +1.0709    +1.0657    +1.0698  -4.1424e-003      1.183 
 370    0   25  6    +1.1000    +1.1031    +1.0988  +4.2576e-003      1.176 
 113   74   75  1    -0.1269    -0.1250    -0.1256  +5.2528e-004      1.164 
 385   11    5  7    -0.8423    -0.8470    -0.8439  -3.0894e-003      1.159 
 239   46   47  4    +0.2080    +0.2027    +0.2052  -2.4253e-003      1.155 
  80   56   58  1    -0.0333    -0.0366    -0.0357  -9.0250e-004      1.152 
  81   51   58  1    +0.1164    +0.1134    +0.1124  +1.0790e-003      1.152 
  62   45   46  1    -0.2340    -0.2274    -0.2298  +2.3309e-003      1.147 
  84   55   59  1    -0.1838    -0.1814    -0.1844  +2.9714e-003      1.144 
 143   94   96  1    +0.4105    +0.4108    +0.4066  +4.2488e-003      1.134 
  77   55   56  1    -0.0741    -0.0727    -0.0734  +6.2258e-004      1.134 
 215   17   31  4    +0.1415    +0.1380    +0.1409  -2.9785e-003      1.130 
 421   12   14  8    -0.0554    -0.0556    -0.0556  +1.8363e-005      1.123 
 218   31   32  4    +0.1541    +0.1584    +0.1556  +2.8327e-003      1.119 
 334  103  104  4    +0.0414    +0.0451    +0.0438  +1.3288e-003      1.114 
 241   47   49  4    -0.4485    -0.4421    -0.4393  -2.8366e-003      1.102 
 393   17   18  7    +0.6085    +0.6075    +0.6086  -1.0941e-003      1.098 
 382   11   12  7    -0.1904    -0.1909    -0.1904  -4.9097e-004      1.081 
  94   64   65  1    -2.3134    -2.2909    -2.3037  +1.2765e-002      1.080 
 251   54   55  4    +0.1222    +0.1178    +0.1203  -2.5038e-003      1.080 
 319   94   96  4    +0.2003    +0.1978    +0.2004  -2.6776e-003      1.073 
 278   49   69  4    +0.6867    +0.6776    +0.6841  -6.4637e-003      1.071 
 149   95   96  1    +0.2329    +0.2276    +0.2291  -1.4807e-003      1.070 
  76   54   56  1    +0.1029    +0.1066    +0.1070  -4.5862e-004      1.069 
 140   94   95  1    +0.5244    +0.5185    +0.5214  -2.9181e-003      1.067 
 302   83   85  4    +0.1199    +0.1218    +0.1238  -1.9753e-003      1.034 
 283   24   72  4    +0.9380    +0.9251    +0.9321  -7.0022e-003      1.033 
 364    0    5  6    +1.0842    +1.0868    +1.0831  +3.6858e-003      1.032 
 435   21   20  8    +0.0368    +0.0369    +0.0369  -7.2034e-006      1.032 
  28   21   22  1    -0.6307    -0.6208    -0.6265  +5.6996e-003      1.029 
  15    7   12  1    +0.2783    +0.2844    +0.2809  +3.4657e-003      1.023 
 307   85   89  4    -0.2146    -0.2140    -0.2169  +2.8144e-003      1.014 
 328   99  100  4    -0.3719    -0.3753    -0.3736  -1.7673e-003      1.004 
 262   59   61  4    +0.7280    +0.7238    +0.7299  -6.1401e-003      1.001 
 243   45   49  4    +0.0007    +0.0021    +0.0009  +1.1684e-003      0.988 
  95   49   66  1    -1.1666    -1.1714    -1.1656  -5.8876e-003      0.987 
 322   80   99  4    -0.2012    -0.2044    -0.2021  -2.3838e-003      0.979 
 184    8    5  4    -1.0839    -1.0873    -1.0788  -8.5219e-003      0.978 
 387   12   16  7    -0.3141    -0.3147    -0.3143  -4.0193e-004      0.968 
 208   26   25  4    -3.1662    -3.1878    -3.1672  -2.0535e-002      0.956 
   6    6    7  1    +0.4103    +0.4120    +0.4144  -2.4199e-003      0.954 
 281   24   70  4    +0.3783    +0.3810    +0.3772  +3.7559e-003      0.950 
 110   70   74  1    +0.2922    +0.2856    +0.2829  +2.7747e-003      0.946 
 164  103  110  1    +0.0714    +0.0701    +0.0692  +9.1088e-004      0.944 
  14    3   12  1    -0.0193    -0.0176    -0.0193  +1.7358e-003      0.939 
 386   12   14  7    -0.1253    -0.1250    -0.1250  +7.1776e-005      0.933 
  38   26   30  1    +2.6638    +2.6351    +2.6526  -1.7495e-002      0.927 
  43   27   32  1    +0.4412    +0.4406    +0.4366  +3.9789e-003      0.925 
  70   49   51  1    +0.4365    +0.4406    +0.4371  +3.5476e-003      0.923 
   8    8    5  1    +2.4172    +2.3855    +2.4010  -1.5450e-002      0.922 
  16   11   13  1    +1.6889    +1.6939    +1.6827  +1.1289e-002      0.920 
 284   71   72  4    +0.1026    +0.0999    +0.0993  +6.1992e-004      0.909 
 193   12   14  4    +0.0956    +0.0978    +0.0957  +2.1462e-003      0.904 
  63   46   47  1    -0.1523    -0.1522    -0.1539  +1.6537e-003      0.900 
  51   38   37  1    +1.4515    +1.4530    +1.4596  -6.6026e-003      0.895 
 411    5   11  8    -0.1549    -0.1552    -0.1548  -3.4216e-004      0.884 
 418   11   13  8    -0.7435    -0.7480    -0.7468  -1.2249e-003      0.873 
 412    5    4  8    +1.9271    +1.9197    +1.9162  +3.5372e-003      0.855 
 159  100  106  1    +0.1240    +0.1203    +0.1217  -1.3740e-003      0.849 
 383   11   13  7    +1.4240    +1.4164    +1.4185  -2.1081e-003      0.845 
 311   89   92  4    -0.1611    -0.1666    -0.1673  +6.8409e-004      0.840 
 400   21   20  7    +0.5159    +0.5175    +0.5169  +6.0078e-004      0.825 
 252   54   56  4    +0.7723    +0.7601    +0.7580  +2.0879e-003      0.817 
 150   96   97  1    +0.2964    +0.3028    +0.3008  +1.9180e-003      0.810 
  67   45   49  1    -0.1713    -0.1739    -0.1721  -1.7642e-003      0.791 
  37    8   30  1    -0.6166    -0.6271    -0.6232  -3.8760e-003      0.787 
 144   80   97  1    -0.1912    -0.1942    -0.1930  -1.2468e-003      0.767 
 237   44   45  4    +0.0098    +0.0088    +0.0090  -2.3274e-004      0.759 
 250   49   54  4    -0.3790    -0.3733    -0.3761  +2.8993e-003      0.754 
 235   43   44  4    -0.1161    -0.1192    -0.1180  -1.2691e-003      0.752 
 373    2   12  7    -0.1137    -0.1136    -0.1138  +2.0054e-004      0.752 
  93   38   65  1    -0.3784    -0.3712    -0.3727  +1.5416e-003      0.745 
 317   80   96  4    +0.0388    +0.0385    +0.0373  +1.2653e-003      0.742 
 420   11    5  8    +0.1730    +0.1725    +0.1729  -3.4145e-004      0.740 
 299   77   82  4    -0.2270    -0.2246    -0.2232  -1.4847e-003      0.736 
 236   34   43  4    -0.1082    -0.1071    -0.1063  -7.6788e-004      0.733 
  71   51   52  1    +0.1952    +0.1905    +0.1913  -7.3100e-004      0.730 
 353    0    2  3    -0.2932    -0.2933    -0.2933  +7.1423e-005      0.723 
 102   49   69  1    -0.6360    -0.6390    -0.6431  +4.1463e-003      0.718 
 242   42   49  4    -0.4669    -0.4698    -0.4672  -2.6115e-003      0.713 
 408    2   12  8    +0.2241    +0.2240    +0.2244  -4.0191e-004      0.711 
  46   35   36  1    -0.0206    -0.0175    -0.0176  +1.3553e-004      0.708 
 160  105  107  1    -0.0101    -0.0116    -0.0121  +4.7113e-004      0.704 
 360    0   25  3    +0.0680    +0.0677    +0.0677  +3.4757e-005      0.701 
  98   65   66  1    +1.6801    +1.6889    +1.6829  +6.0109e-003      0.694 
  27   20   21  1    -0.5298    -0.5335    -0.5301  -3.4362e-003      0.683 
 162  106  107  1    -0.0468    -0.0514    -0.0508  -5.9834e-004      0.682 
  96   62   66  1    -0.2106    -0.2061    -0.2080  +1.8869e-003      0.681 
 127   84   85  1    -0.4600    -0.4655    -0.4668  +1.2399e-003      0.680 
 320   80   97  4    +0.0682    +0.0668    +0.0660  +8.1245e-004      0.679 
 207   23   25  4    -0.0789    -0.0773    -0.0788  +1.5193e-003      0.678 
  47   35   37  1    -0.2044    -0.2048    -0.2030  -1.7696e-003      0.676 
 125   83   84  1    -0.3745    -0.3672    -0.3690  +1.8508e-003      0.670 
 282   70   71  4    +0.3184    +0.3295    +0.3293  +2.4887e-004      0.665 
  31   23   25  1    -0.7325    -0.7259    -0.7300  +4.0790e-003      0.659 
  53   37   40  1    +0.3129    +0.3167    +0.3145  +2.1445e-003      0.656 
 326   96   97  4    -0.0460    -0.0456    -0.0450  -6.4953e-004      0.654 
  52   37   39  1    +0.3721    +0.3692    +0.3709  -1.7034e-003      0.642 
  55   39   40  1    +0.1784    +0.1834    +0.1839  -5.2002e-004      0.642 
 401   25   27  7    +0.5310    +0.5303    +0.5293  +9.6093e-004      0.642 
 126   83   85  1    -0.5914    -0.5933    -0.5901  -3.1244e-003      0.640 
 121   68   81  1    +0.1088    +0.1107    +0.1106  +9.1229e-005      0.628 
  18   13   15  1    -0.6887    -0.6913    -0.6875  -3.8402e-003      0.621 
 122   81   80  1    +0.1086    +0.1053    +0.1052  +1.6458e-004      0.613 
 363    0    2  6    +1.0660    +1.0629    +1.0651  -2.1388e-003      0.613 
 380    9   10  7    -0.7940    -0.7992    -0.7997  +5.3298e-004      0.610 
 368    0   17  6    +1.0776    +1.0744    +1.0766  -2.1512e-003      0.609 
 269   38   65  4    -0.5814    -0.5882    -0.5905  +2.3376e-003      0.606 
  13    2   12  1    -0.1851    -0.1833    -0.1851  +1.7690e-003      0.602 
 130   85   88  1    -0.3333    -0.3277    -0.3288  +1.1158e-003      0.597 
 265   61   62  4    -0.2512    -0.2560    -0.2545  -1.4566e-003      0.594 
  72   52   53  1    +0.0715    +0.0695    +0.0704  -8.3222e-004      0.581 
   9    9   10  1    -0.9979    -1.0079    -1.0034  -4.5373e-003      0.569 
  73   53   54  1    -0.0859    -0.0841    -0.0834  -6.4738e-004      0.568 
 397   17   16  7    +0.4688    +0.4696    +0.4688  +7.8131e-004      0.568 
 431   17   15  8    -0.1865    -0.1868    -0.1867  -1.1223e-004      0.568 
 201   19   20  4    +0.1166    +0.1211    +0.1202  +9.8363e-004      0.567 
  88   60   62  1    -0.0663    -0.0689    -0.0681  -8.1601e-004      0.559 
 142   82   96  1    +0.1654    +0.1584    +0.1589  -5.1185e-004      0.556 
 258   54   59  4    +0.0520    +0.0485    +0.0496  -1.0298e-003      0.551 
 103   68   69  1    -2.9764    -3.0395    -3.0288  -1.0617e-002      0.548 
 132   88   89  1    -0.6639    -0.6691    -0.6708  +1.7272e-003      0.543 
 163  108  109  1    +0.0202    +0.0203    +0.0204  -6.2764e-005      0.540 
  34   27   28  1    +0.3299    +0.3336    +0.3316  +2.0524e-003      0.537 
 402   25   23  7    +0.6715    +0.6705    +0.6700  +5.4688e-004      0.535 
 161  105  108  1    +0.0342    +0.0342    +0.0344  -1.6630e-004      0.529 
 229   37   40  4    +0.3703    +0.3724    +0.3743  -1.8260e-003      0.528 
 165  109  110  1    -0.0348    -0.0292    -0.0291  -1.7249e-004      0.527 
 180    3    5  4    -0.1011    -0.1016    -0.1004  -1.2443e-003      0.525 
 321   80   98  4    -0.2271    -0.2272    -0.2265  -7.2318e-004      0.515 
 123   77   82  1    -0.2827    -0.2889    -0.2876  -1.3035e-003      0.513 
 232   40   41  4    -0.1982    -0.2063    -0.2060  -3.1989e-004      0.512 
 332  100  103  4    +0.1024    +0.1039    +0.1042  -3.2553e-004      0.506 
  17   12   14  1    -0.1129    -0.1137    -0.1125  -1.2386e-003      0.505 
 327   98  100  4    -0.2575    -0.2610    -0.2596  -1.3537e-003      0.504 
  65   47   49  1    +0.2940    +0.2862    +0.2854  +7.9927e-004      0.500 
 362    0  114  3    -0.0363    -0.0362    -0.0362  +3.2027e-005      0.497 
 105   24   70  1    +0.1669    +0.1684    +0.1696  -1.2334e-003      0.492 
  21   15   17  1    -1.3750    -1.3753    -1.3701  -5.1533e-003      0.491 
 191    7   12  4    -0.5700    -0.5743    -0.5717  -2.6166e-003      0.487 
 234   41   42  4    -0.2600    -0.2635    -0.2624  -1.0882e-003      0.481 
  60   34   43  1    +0.1911    +0.1915    +0.1908  +7.4198e-004      0.479 
 430   17  113  8    +0.6365    +0.6385    +0.6390  -4.0685e-004      0.478 
 358    0   17  3    -0.1810    -0.1810    -0.1810  -3.2753e-005      0.474 
 146   80   99  1    -0.3091    -0.3113    -0.3097  -1.6018e-003      0.469 
  59   43   44  1    +0.0664    +0.0669    +0.0664  +5.2879e-004      0.459 
 440   28   27  8    -0.0383    -0.0384    -0.0384  -4.7041e-006      0.457 
 263   60   61  4    +0.6489    +0.6450    +0.6437  +1.2036e-003      0.451 
 264   60   62  4    -0.0137    -0.0176    -0.0171  -4.7389e-004      0.449 
  49   34   36  1    +0.1834    +0.1789    +0.1795  -5.6715e-004      0.442 
  61   44   45  1    -0.0432    -0.0395    -0.0397  +1.5462e-004      0.441 
 152   99  100  1    -0.1015    -0.1047    -0.1045  -2.2006e-004      0.430 
 357    0   12  3    -0.2863    -0.2865    -0.2864  -4.2662e-005      0.425 
 279   68   69  4    +3.1752    +3.1286    +3.1365  -7.8878e-003      0.407 
  54   30   38  1    +1.0780    +1.0796    +1.0820  -2.3682e-003      0.395 
 224   33   37  4    +0.0113    +0.0079    +0.0083  -3.8933e-004      0.380 
 313   92   93  4    -0.1478    -0.1493    -0.1487  -5.1688e-004      0.374 
 221   19   34  4    -0.0338    -0.0365    -0.0358  -6.5752e-004      0.374 
 220   15   33  4    +0.0412    +0.0394    +0.0398  -4.0656e-004      0.366 
  89   61   62  1    +0.1588    +0.1627    +0.1621  +5.9415e-004      0.361 
 254   56   57  4    +0.1231    +0.1191    +0.1194  -3.7046e-004      0.344 
 148   94  100  1    +0.0944    +0.0918    +0.0916  +1.9842e-004      0.344 
 266   63   59  4    -0.8254    -0.8392    -0.8378  -1.3591e-003      0.341 
 255   50   57  4    -0.1580    -0.1580    -0.1587  +6.1537e-004      0.334 
 436   25   27  8    +0.1859    +0.1860    +0.1859  +8.4881e-005      0.329 
 267   63   64  4    +0.8254    +0.8139    +0.8133  +6.1879e-004      0.328 
 245   49   50  4    -0.1437    -0.1436    -0.1439  +3.0402e-004      0.325 
 394   17   31  7    -0.8169    -0.8156    -0.8148  -8.0670e-004      0.324 
 240   46   48  4    -0.0536    -0.0520    -0.0515  -5.1811e-004      0.323 
 244   48   49  4    +0.1011    +0.0980    +0.0982  -1.8274e-004      0.323 
 395   17  113  7    -0.7034    -0.7050    -0.7052  +2.3677e-004      0.308 
  20   12   16  1    -0.3103    -0.3115    -0.3103  -1.1243e-003      0.306 
 315   93   94  4    -0.2108    -0.2181    -0.2176  -4.8678e-004      0.290 
 425   12    2  8    -0.2079    -0.2081    -0.2082  +1.4249e-004      0.289 
  74   49   54  1    +0.5292    +0.5273    +0.5287  -1.3460e-003      0.288 
 367    0   12  6    +1.0800    +1.0800    +1.0790  +9.9548e-004      0.280 
 131   85   89  1    -0.4607    -0.4618    -0.4607  -1.1548e-003      0.279 
 185    9   10  4    -0.7457    -0.7419    -0.7436  +1.6727e-003      0.274 
 405   28   27  7    -0.3016    -0.3035    -0.3034  -1.2239e-004      0.271 
 375    5    6  7    +0.5567    +0.5547    +0.5550  -3.2410e-004      0.267 
  69   49   50  1    +0.3510    +0.3566    +0.3571  -4.8059e-004      0.265 
 391   12    3  7    -0.0069    -0.0069    -0.0069  -2.1504e-007      0.264 
 316   94   95  4    +0.2989    +0.2989    +0.2994  -5.1662e-004      0.263 
  79   50   57  1    +0.2318    +0.2240    +0.2245  -5.0921e-004      0.263 
 134   90   91  1    -0.0296    -0.0296    -0.0295  -9.6038e-005      0.263 
 318   82   96  4    -0.3743    -0.3829    -0.3835  +6.4747e-004      0.257 
 276   65   68  4    +0.9447    +0.9371    +0.9373  -2.6888e-004      0.251 
 410    5    6  8    -0.5380    -0.5378    -0.5381  +2.9725e-004      0.248 
  41   23   32  1    +0.5926    +0.5890    +0.5878  +1.2770e-003      0.243 
  78   56   57  1    -0.1457    -0.1511    -0.1513  +2.4082e-004      0.242 
 361    0   28  3    -0.0389    -0.0392    -0.0392  -1.6760e-005      0.239 
 398   17   30  7    -0.9059    -0.9090    -0.9087  -3.6509e-004      0.237 
 325   95   96  4    +0.0843    +0.0840    +0.0842  -2.2355e-004      0.234 
 100   65   68  1    -4.0870    -4.0780    -4.0807  +2.6488e-003      0.229 
 219   27   32  4    -0.0518    -0.0505    -0.0509  +3.7905e-004      0.224 
 378    5    3  7    +0.4772    +0.4779    +0.4782  -3.2092e-004      0.217 
  23   17   18  1    +0.6742    +0.6749    +0.6736  +1.2541e-003      0.211 
 124   82   83  1    -0.8207    -0.8101    -0.8105  +3.8692e-004      0.207 
 253   55   56  4    -0.1228    -0.1230    -0.1228  -1.1558e-004      0.204 
  39   17   31  1    -0.8690    -0.8675    -0.8660  -1.4876e-003      0.202 
 145   80   98  1    -0.1129    -0.1165    -0.1166  +1.6711e-004      0.200 
 415    9   10  8    +0.8117    +0.8116    +0.8114  +2.1846e-004      0.200 
  19   14   15  1    -0.2094    -0.2097    -0.2103  +5.9030e-004      0.197 
 314   92   94  4    -0.1724    -0.1765    -0.1760  -4.8207e-004      0.189 
 271   49   66  4    +0.5377    +0.5314    +0.5310  +4.5739e-004      0.187 
 277   47   69  4    +0.6844    +0.6851    +0.6840  +1.0356e-003      0.174 
 151   98  100  1    -0.3463    -0.3454    -0.3460  +5.7372e-004      0.169 
 329  100  101  4    +0.3236    +0.3306    +0.3302  +4.0755e-004      0.162 
 230   30   38  4    -0.4024    -0.4013    -0.4017  +3.5205e-004      0.144 
 355    0    9  3    -0.1547    -0.1549    -0.1549  +8.9657e-006      0.144 
 227   38   37  4    +0.5985    +0.5835    +0.5839  -3.8614e-004      0.139 
 379    5    8  7    -2.4369    -2.4240    -2.4231  -8.7186e-004      0.133 
 188   11   12  4    -0.4014    -0.4025    -0.4037  +1.1616e-003      0.132 
 261   59   60  4    +0.6833    +0.6864    +0.6856  +7.3974e-004      0.127 
 298   81   80  4    +0.7873    +0.7735    +0.7732  +2.9089e-004      0.126 
 301   83   84  4    +0.1578    +0.1616    +0.1619  -2.6323e-004      0.125 
 205   22   23  4    +0.0155    +0.0135    +0.0134  +1.3829e-004      0.118 
  87   60   61  1    -0.7311    -0.7472    -0.7476  +3.7801e-004      0.112 
 135   89   92  1    +2.2717    +2.2507    +2.2493  +1.3971e-003      0.110 
 439   28   29  8    +0.0863    +0.0860    +0.0860  -5.4482e-006      0.108 
 344   17  113  4    -0.5382    -0.5405    -0.5400  -5.0715e-004      0.104 
 136   91   92  1    +0.4024    +0.3946    +0.3948  -2.5385e-004      0.090 
 303   84   85  4    +0.1136    +0.1126    +0.1126  -7.0295e-005      0.090 
 168   17  113  1    -0.8690    -0.8713    -0.8707  -6.3539e-004      0.089 
 429   17   31  8    +0.0160    +0.0160    +0.0160  +1.5725e-007      0.087 
 206   23   24  4    +0.2891    +0.2950    +0.2950  -4.4292e-005      0.085 
 297   68   81  4    -0.1049    -0.1059    -0.1059  +1.3095e-005      0.080 
 438   25   26  8    -3.2612    -3.2665    -3.2669  +4.2843e-004      0.078 
 331  101  102  4    +0.2377    +0.2354    +0.2353  +1.1945e-004      0.076 
  66   42   49  1    -0.2929    -0.2924    -0.2922  -1.7119e-004      0.073 
 133   89   90  1    +0.5916    +0.5935    +0.5933  +1.6543e-004      0.068 
  50   34   37  1    -0.5704    -0.5772    -0.5773  +1.0031e-004      0.060 
  36   30   17  1    +0.9016    +0.9040    +0.9036  +3.7497e-004      0.052 
 233   40   42  4    -0.2519    -0.2555    -0.2556  +1.3365e-004      0.047 
 190    3   12  4    -0.1384    -0.1383    -0.1384  +1.0122e-004      0.038 
 434   21   22  8    +0.0271    +0.0272    +0.0272  -1.6689e-007      0.037 
 424   12   11  8    -0.4428    -0.4454    -0.4454  +3.6947e-005      0.034 
 228   37   39  4    +0.4244    +0.4335    +0.4336  -8.0700e-005      0.029 
  22   16   17  1    -0.4835    -0.4833    -0.4832  -1.3445e-004      0.028 
  68   48   49  1    -0.1117    -0.1114    -0.1114  -1.4546e-005      0.024 
 204   21   22  4    +0.0568    +0.0563    +0.0563  -4.9780e-005      0.024 
 330   92  102  4    -0.2228    -0.2249    -0.2249  +9.1030e-006      0.012 
  64   46   48  1    +0.0254    +0.0214    +0.0214  -1.5030e-005      0.012 
 256   56   58  4    +0.1073    +0.1053    +0.1053  +1.3105e-005      0.011 
 257   51   58  4    -0.1328    -0.1323    -0.1323  +8.0818e-006      0.008 
 231   39   40  4    +0.3453    +0.3405    +0.3405  +4.4064e-006      0.004 
 214   26   30  4    -1.3180    -1.3205    -1.3205  -3.3718e-005      0.003 
 349   68  116  4    -1.6648    -1.6704    -1.6704  +1.7686e-007      0.000 
 343  110  112  4    -0.3490    -0.3568    -0.3568  +5.3632e-007      0.000 
 342  110  111  4    -0.1668    -0.1687    -0.1687  -4.3265e-007      0.000 
 305   86   87  4    -0.2203    -0.2182    -0.2182  -1.1847e-006      0.000 
 304   85   86  4    -0.1646    -0.1726    -0.1726  -1.9446e-007      0.000 
 285   71   73  4    +0.2065    +0.2017    +0.2017  +9.0518e-007      0.000 
 173   68  116  1    -1.2418    -1.2581    -1.2581  +4.5964e-006      0.000 
 167  110  112  1    +0.0672    +0.0624    +0.0624  -1.0301e-006      0.000 
 166  110  111  1    -0.2979    -0.3051    -0.3051  +1.5732e-006      0.000 
 128   85   86  1    -0.3439    -0.3424    -0.3424  +3.4689e-007      0.000 
 109   71   73  1    -0.2578    -0.2624    -0.2624  -4.4152e-006      0.000 
----------------------------------------------------------------------------------
Possível erro grosseiro no medidor 129!
Medida crítica  109!
Medida crítica  128!
Medida crítica  167!
Medida crítica  285!
Medida crítica  304!
Medida crítica  305!
Medida crítica  342!
Medida crítica  343!
Medida crítica  349!
Medida crítica  391!
Possíveis conjuntos críticos:
Conjunto 1: 204 68
Conjunto 2: 168 303
Conjunto 3: 303 136
Conjunto 4: 301 298
Conjunto 5: 298 261
Conjunto 6: 188 379
Conjunto 7: 355 230
Conjunto 8: 271 314
Conjunto 9: 415 145 39
Conjunto 10: 145 39
Conjunto 11: 398 361
Conjunto 12: 78 41
Conjunto 13: 134 79 316 391
Conjunto 14: 79 316 391 69
Conjunto 15: 316 391 69
Conjunto 16: 391 69
Conjunto 17: 69 375
Conjunto 18: 131 367
Conjunto 19: 74 425 315
Conjunto 20: 425 315
Conjunto 21: 20 395
Conjunto 22: 244 240 394 245
Conjunto 23: 240 394 245
Conjunto 24: 394 245
Conjunto 25: 267 436
Conjunto 26: 266 148 254
Conjunto 27: 148 254
Conjunto 28: 221 313
Conjunto 29: 61 49
Conjunto 30: 264 263
Conjunto 31: 440 59
Conjunto 32: 358 430
Conjunto 33: 430 60 234
Conjunto 34: 60 234
Conjunto 35: 191 21
Conjunto 36: 21 105
Conjunto 37: 105 362
Conjunto 38: 362 65
Conjunto 39: 65 327 17
Conjunto 40: 327 17 332
Conjunto 41: 17 332
Conjunto 42: 232 123 321
Conjunto 43: 123 321
Conjunto 44: 180 165 229 161
Conjunto 45: 165 229 161
Conjunto 46: 229 161
Conjunto 47: 402 34 163
Conjunto 48: 34 163
Conjunto 49: 163 132
Conjunto 50: 132 103
Conjunto 51: 103 258
Conjunto 52: 142 88
Conjunto 53: 201 431 397 73 9
Conjunto 54: 431 397 73 9
Conjunto 55: 397 73 9
Conjunto 56: 73 9
Conjunto 57: 265 130
Conjunto 58: 130 13
Conjunto 59: 13 269
Conjunto 60: 269 368 380
Conjunto 61: 368 380 363 122
Conjunto 62: 380 363 122
Conjunto 63: 363 122
Conjunto 64: 126 401 55 52
Conjunto 65: 401 55 52
Conjunto 66: 55 52
Conjunto 67: 326 53 31
Conjunto 68: 53 31
Conjunto 69: 31 282
Conjunto 70: 282 125
Conjunto 71: 125 47
Conjunto 72: 47 207 320 127 96 162
Conjunto 73: 207 320 127 96 162 27
Conjunto 74: 320 127 96 162 27
Conjunto 75: 127 96 162 27
Conjunto 76: 96 162 27
Conjunto 77: 162 27
Conjunto 78: 98 360
Conjunto 79: 360 160 46
Conjunto 80: 160 46
Conjunto 81: 46 408 242
Conjunto 82: 408 242 102
Conjunto 83: 242 102
Conjunto 84: 102 353
Conjunto 85: 71 236 299
Conjunto 86: 236 299 420
Conjunto 87: 299 420 317
Conjunto 88: 420 317 93
Conjunto 89: 317 93
Conjunto 90: 93 373
Conjunto 91: 373 235 250 237
Conjunto 92: 235 250 237
Conjunto 93: 250 237
Conjunto 94: 37 67
Conjunto 95: 150 252
Conjunto 96: 252 400
Conjunto 97: 311 383 159
Conjunto 98: 383 159
Conjunto 99: 159 412
Conjunto 100: 51 63
Conjunto 101: 63 193 284
Conjunto 102: 193 284
Conjunto 103: 16 8 70 43 38
Conjunto 104: 8 70 43 38
Conjunto 105: 70 43 38
Conjunto 106: 43 38 386
Conjunto 107: 38 386
Conjunto 108: 386 14
Conjunto 109: 14 164 110
Conjunto 110: 164 110 281 6
Conjunto 111: 110 281 6 208
Conjunto 112: 281 6 208
Conjunto 113: 6 208
Conjunto 114: 184 322 95
Conjunto 115: 322 95 243
Conjunto 116: 95 243
Conjunto 117: 262 328
Conjunto 118: 328 307
Conjunto 119: 307 15
Conjunto 120: 15 28 435 364
Conjunto 121: 28 435 364 283 302
Conjunto 122: 435 364 283 302
Conjunto 123: 364 283 302
Conjunto 124: 283 302
Conjunto 125: 140 76 149 278 319
Conjunto 126: 76 149 278 319
Conjunto 127: 149 278 319 251 94 382
Conjunto 128: 278 319 251 94 382
Conjunto 129: 319 251 94 382
Conjunto 130: 251 94 382
Conjunto 131: 94 382
Conjunto 132: 393 241
Conjunto 133: 334 218 421
Conjunto 134: 218 421
Conjunto 135: 421 215 77 143
Conjunto 136: 215 77 143
Conjunto 137: 77 143 84
Conjunto 138: 143 84
Conjunto 139: 84 62 81 80 239
Conjunto 140: 62 81 80 239
Conjunto 141: 81 80 239 385
Conjunto 142: 80 239 385
Conjunto 143: 239 385 113
Conjunto 144: 385 113
Conjunto 145: 113 370
Conjunto 146: 370 366
Conjunto 147: 366 348
Conjunto 148: 348 437 26
Conjunto 149: 437 26
Conjunto 150: 212 369
Conjunto 151: 369 372
Conjunto 152: 372 203 99
Conjunto 153: 203 99
Conjunto 154: 186 5 153 155 392
Conjunto 155: 5 153 155 392 300
Conjunto 156: 153 155 392 300 154 197
Conjunto 157: 155 392 300 154 197
Conjunto 158: 392 300 154 197
Conjunto 159: 300 154 197
Conjunto 160: 154 197 178 333
Conjunto 161: 197 178 333
Conjunto 162: 178 333
Conjunto 163: 97 323 85
Conjunto 164: 323 85
Conjunto 165: 114 209 427
Conjunto 166: 209 427
Conjunto 167: 427 86
Conjunto 168: 86 195 295
Conjunto 169: 195 295
Conjunto 170: 238 42 40 75 176
Conjunto 171: 42 40 75 176
Conjunto 172: 40 75 176
Conjunto 173: 75 176
Conjunto 174: 175 169
Conjunto 175: 33 345
Conjunto 176: 441 419 350
Conjunto 177: 419 350 196
Conjunto 178: 350 196 381
Conjunto 179: 196 381
Conjunto 180: 381 272
Conjunto 181: 272 211 83 389
Conjunto 182: 211 83 389
Conjunto 183: 83 389 388
Conjunto 184: 389 388 29
Conjunto 185: 388 29 182
Conjunto 186: 29 182 183
Conjunto 187: 182 183
Conjunto 188: 346 396 12
Conjunto 189: 396 12 56 399
Conjunto 190: 12 56 399 58
Conjunto 191: 56 399 58
Conjunto 192: 399 58
Conjunto 193: 58 359 137
Conjunto 194: 359 137 139
Conjunto 195: 137 139
Conjunto 196: 139 390
Conjunto 197: 390 432 57 384
Conjunto 198: 432 57 384 259
Conjunto 199: 57 384 259
Conjunto 200: 384 259
Conjunto 201: 259 141 187
Conjunto 202: 141 187 35 171
Conjunto 203: 187 35 171
Conjunto 204: 35 171
Conjunto 205: 171 45 194
Conjunto 206: 45 194 413 179
Conjunto 207: 194 413 179
Conjunto 208: 413 179
Conjunto 209: 118 246 417 120
Conjunto 210: 246 417 120
Conjunto 211: 417 120
Conjunto 212: 120 217
Conjunto 213: 11 210 290
Conjunto 214: 210 290 200 2
Conjunto 215: 290 200 2
Conjunto 216: 200 2
Conjunto 217: 2 106 107
Conjunto 218: 106 107 117 426 32
Conjunto 219: 107 117 426 32 416
Conjunto 220: 117 426 32 416
Conjunto 221: 426 32 416 351 108 202
Conjunto 222: 32 416 351 108 202 247
Conjunto 223: 416 351 108 202 247 198
Conjunto 224: 351 108 202 247 198
Conjunto 225: 108 202 247 198
Conjunto 226: 202 247 198
Conjunto 227: 247 198
Conjunto 228: 198 308
Conjunto 229: 308 423 352 268
Conjunto 230: 423 352 268
Conjunto 231: 352 268 30 377 248
Conjunto 232: 268 30 377 248 306
Conjunto 233: 30 377 248 306 147 249
Conjunto 234: 377 248 306 147 249
Conjunto 235: 248 306 147 249
Conjunto 236: 306 147 249
Conjunto 237: 147 249
Conjunto 238: 101 324
Conjunto 239: 403 309 310 312
Conjunto 240: 309 310 312
Conjunto 241: 310 312
Conjunto 242: 192 213 4
Conjunto 243: 213 4
Conjunto 244: 199 371 404 3
Conjunto 245: 371 404 3
Conjunto 246: 404 3 409
Conjunto 247: 3 409 92
Conjunto 248: 409 92
Conjunto 249: 7 181 356 365
Conjunto 250: 181 356 365
Conjunto 251: 356 365
Conjunto 252: 347 226 177
Conjunto 253: 226 177
Conjunto 254: 260 170
Conjunto 255: 170 189 115 433 223
Conjunto 256: 189 115 433 223 222 270
Conjunto 257: 115 433 223 222 270
Conjunto 258: 433 223 222 270
Conjunto 259: 223 222 270 10 82
Conjunto 260: 222 270 10 82 174
Conjunto 261: 270 10 82 174
Conjunto 262: 10 82 174
Conjunto 263: 82 174
Conjunto 264: 225 1
Conjunto 265: 1 414
Conjunto 266: 273 119
Conjunto 267: 376 275 172
Conjunto 268: 275 172 289
Conjunto 269: 172 289 48 44
Conjunto 270: 289 48 44 157 286
Conjunto 271: 48 44 157 286
Conjunto 272: 44 157 286
Conjunto 273: 157 286
Conjunto 274: 442 354 406
Conjunto 275: 354 406
Conjunto 276: 158 138 156 374
Conjunto 277: 138 156 374 274
Conjunto 278: 156 374 274
Conjunto 279: 374 274
Conjunto 280: 293 340 25
Conjunto 281: 340 25
Conjunto 282: 25 407 335
Conjunto 283: 407 335
Conjunto 284: 335 336 338
Conjunto 285: 336 338 296
Conjunto 286: 338 296
Conjunto 287: 296 294 24
Conjunto 288: 294 24 341 339 337
Conjunto 289: 24 341 339 337
Conjunto 290: 341 339 337
Conjunto 291: 339 337
Conjunto 292: 90 422
Conjunto 293: 422 428 91
Conjunto 294: 428 91
Medidas com alta correlação: 165 e 161 
Medidas com alta correlação: 165 e 161 
Medidas com alta correlação: 153 e 155 
Medidas com alta correlação: 153 e 155 
Medidas com alta correlação: 153 e 155 
