================================================================================= 
=== UFF - Doutorado em Computação - Aplicaçoes em Sistemas de Potencia        === 
=== ESTIMADOR DE ESTADO MÍNIMOS QUADRADOS PONDERADOS INCLUINDO MEDIDAS DE PMU === 
=== Desenvolvido por: Rui Menezes de Moraes - 2009                            === 
================================================================================= 
Arquivo de medidores:          .\med\S1_CS5_352M_EGS4.med
Arquivo do sistema:            .\sist\ieee118_SP_JML.cdf
Tolerância entre iteraçoes:    1.00e-005
Limite de iteraçoes:           100

--- DADOS DA REDE --------------------------------------------------------------- 
Data do caso:                  08/25/93
Origem:                        UW ARCHIVE          
MVA base:                      100
Ano:                           1961
Estação:                       W
Identificação:                 IEEE 118 Bus Test Case
Número de barras:              118 
Número de ramos:               179 
Referência na barra:           69

--- TELEMEDIDAS ------------------------------------------------------------------
    Tipo 1 = Fluxo de potencia ativa        Tipo  6 = Módulo da tensão            
    Tipo 2 = Injeção de potencia ativa      Tipo  7 = Corrente de ramo (real)     
    Tipo 3 = Ângulo de fase da tensão       Tipo  8 = Corrente de ramo (imag)     
    Tipo 4 = Fluxo de potencia reativa      Tipo  9 = Injeção de corrente (real)  
    Tipo 5 = Injeção de potencia reativa    Tipo 10 = Injeção de corrente (imag)  
----------------------------------------------------------------------------------
   N    D    P TP  PN ST   Exa   FS       DP      V_Ref      V_Med          E(%) 
----------------------------------------------------------------------------------
   1    1    2  1   0  0 0.020 01.0  0.00205   -0.04743   -0.05246    +10.605102 
   2    1    3  1   0  0 0.020 01.0  0.00374   -0.30057   -0.29426     -2.099345 
   3    4    5  1   0  0 0.020 01.0  0.00307   -0.19976   -0.20808     +4.164998 
   4    3    5  1   0  0 0.020 01.0  0.00539   -0.54870   -0.56029     +2.112265 
   5    5    6  1   0  0 0.020 01.0  0.00655   +0.72249   +0.71212     -1.435314 
   6    6    7  1   0  0 0.020 01.0  0.00447   +0.41029   +0.41201     +0.419216 
   7    8    9  1   0  0 0.020 01.0  0.00834   -0.99161   -1.00900     +1.753714 
   8    8    5  1   0  0 0.020 01.0  0.01785   +2.41719   +2.38552     -1.310199 
   9    9   10  1   0  0 0.020 01.0  0.00839   -0.99787   -1.00794     +1.009149 
  10    4   11  1   0  0 0.020 01.0  0.00795   +0.93276   +0.91535     -1.866504 
  11    5   11  1   0  0 0.020 01.0  0.00795   +0.93236   +0.94753     +1.627054 
  12   11   12  1   0  0 0.020 01.0  0.00395   -0.33254   -0.33933     +2.041860 
  13    2   12  1   0  0 0.020 01.0  0.00297   -0.18506   -0.18333     -0.934832 
  14    3   12  1   0  0 0.020 01.0  0.00186   -0.01927   -0.01757     -8.822003 
  15    7   12  1   0  0 0.020 01.0  0.00359   +0.27834   +0.28441     +2.180786 
  16   11   13  1   0  0 0.020 01.0  0.01299   +1.68886   +1.69394     +0.300795 
  17   12   14  1   0  0 0.020 01.0  0.00249   -0.11291   -0.11370     +0.699672 
  18   13   15  1   0  0 0.020 01.0  0.00632   -0.68869   -0.69133     +0.383336 
  19   14   15  1   0  0 0.020 01.0  0.00313   -0.20936   -0.20969     +0.157623 
  20   12   16  1   0  0 0.020 01.0  0.00380   -0.31032   -0.31146     +0.367363 
  21   15   17  1   0  0 0.020 01.0  0.01090   -1.37497   -1.37528     +0.022546 
  22   16   17  1   0  0 0.020 01.0  0.00496   -0.48353   -0.48330     -0.047567 
  23   17   18  1   0  0 0.020 01.0  0.00623   +0.67422   +0.74896    +11.085402 
  24   18   19  1   0  0 0.020 01.0  0.00380   +0.30938   +0.30566     -1.202405 
  25   19   20  1   0  0 0.020 01.0  0.00442   -0.40278   -0.40998     +1.787576 
  26   15   19  1   0  0 0.020 01.0  0.00369   -0.29413   -0.28320     -3.716044 
  27   20   21  1   0  0 0.020 01.0  0.00526   -0.52982   -0.53350     +0.694576 
  28   21   22  1   0  0 0.020 01.0  0.00594   -0.63067   -0.62084     -1.558660 
  29   22   23  1   0  0 0.020 01.0  0.00644   -0.70622   -0.71631     +1.428733 
  30   23   24  1   0  0 0.020 01.0  0.00593   -0.62945   -0.62790     -0.246247 
  31   23   25  1   0  0 0.020 01.0  0.00662   -0.73245   -0.72589     -0.895624 
  32   26   25  1   0  0 0.020 01.0  0.00398   +0.33620   +0.32870     -2.230815 
  33   25   27  1   0  0 0.020 01.0  0.00571   +0.59664   +0.58622     -1.746447 
  34   27   28  1   0  0 0.020 01.0  0.00393   +0.32992   +0.33362     +1.121484 
  35   28   29  1   0  0 0.020 01.0  0.00315   +0.21213   +0.20673     -2.545609 
  36   30   17  1   0  0 0.020 01.0  0.00774   +0.90165   +0.90396     +0.256197 
  37    8   30  1   0  0 0.020 01.0  0.00584   -0.61657   -0.62712     +1.711079 
  38   26   30  1   0  0 0.020 01.0  0.01949   +2.66380   +2.63512     -1.076657 
  39   17   31  1   0  0 0.020 01.0  0.00753   -0.86903   -0.86747     -0.179510 
  40   29   31  1   0  0 0.020 01.0  0.00205   +0.04708   +0.04447     -5.543755 
  41   23   32  1   0  0 0.020 01.0  0.00568   +0.59257   +0.58904     -0.595710 
  42   31   32  1   0  0 0.020 01.0  0.00272   -0.14800   -0.14836     +0.243243 
  43   27   32  1   0  0 0.020 01.0  0.00467   +0.44117   +0.44060     -0.129202 
  44   15   33  1   0  0 0.020 01.0  0.00285   +0.16832   +0.17679     +5.032082 
  45   19   34  1   0  0 0.020 01.0  0.00279   +0.15875   +0.15538     -2.122835 
  46   35   36  1   0  0 0.020 01.0  0.00187   -0.02061   -0.01749    -15.138282 
  47   35   37  1   0  0 0.020 01.0  0.00310   -0.20439   -0.20479     +0.195704 
  48   33   37  1   0  0 0.020 01.0  0.00180   +0.01025   +0.01180    +15.121951 
  49   34   36  1   0  0 0.020 01.0  0.00296   +0.18338   +0.17891     -2.437561 
  50   34   37  1   0  0 0.020 01.0  0.00554   -0.57038   -0.57717     +1.190434 
  51   38   37  1   0  0 0.020 01.0  0.01141   +1.45150   +1.45300     +0.103341 
  52   37   39  1   0  0 0.020 01.0  0.00421   +0.37213   +0.36918     -0.792734 
  53   37   40  1   0  0 0.020 01.0  0.00382   +0.31291   +0.31669     +1.208015 
  54   30   38  1   0  0 0.020 01.0  0.00892   +1.07800   +1.07962     +0.150278 
  55   39   40  1   0  0 0.020 01.0  0.00292   +0.17839   +0.18339     +2.802848 
  56   40   41  1   0  0 0.020 01.0  0.00343   +0.25395   +0.24828     -2.232723 
  57   40   42  1   0  0 0.020 01.0  0.00220   +0.06972   +0.07159     +2.682157 
  58   41   42  1   0  0 0.020 01.0  0.00174   -0.00063   -0.00234   +271.428571 
  59   43   44  1   0  0 0.020 01.0  0.00218   +0.06643   +0.06695     +0.782779 
  60   34   43  1   0  0 0.020 01.0  0.00301   +0.19107   +0.19153     +0.240749 
  61   44   45  1   0  0 0.020 01.0  0.00202   -0.04318   -0.03953     -8.452987 
  62   45   46  1   0  0 0.020 01.0  0.00329   -0.23397   -0.22743     -2.795230 
  63   46   47  1   0  0 0.020 01.0  0.00275   -0.15231   -0.15220     -0.072221 
  64   46   48  1   0  0 0.020 01.0  0.00190   +0.02542   +0.02139    -15.853659 
  65   47   49  1   0  0 0.020 01.0  0.00369   +0.29401   +0.28620     -2.656372 
  66   42   49  1   0  0 0.020 01.0  0.00369   -0.29294   -0.29240     -0.184338 
  67   45   49  1   0  0 0.020 01.0  0.00288   -0.17127   -0.17388     +1.523910 
  68   48   49  1   0  0 0.020 01.0  0.00248   -0.11165   -0.11137     -0.250784 
  69   49   50  1   0  0 0.020 01.0  0.00407   +0.35103   +0.35662     +1.592456 
  70   49   51  1   0  0 0.020 01.0  0.00464   +0.43652   +0.44062     +0.939247 
  71   51   52  1   0  0 0.020 01.0  0.00303   +0.19523   +0.19053     -2.407417 
  72   52   53  1   0  0 0.020 01.0  0.00221   +0.07149   +0.06954     -2.727654 
  73   53   54  1   0  0 0.020 01.0  0.00231   -0.08587   -0.08407     -2.096192 
  74   49   54  1   0  0 0.020 01.0  0.00526   +0.52916   +0.52734     -0.343941 
  75   54   55  1   0  0 0.020 01.0  0.00189   +0.02339   +0.02643    +12.997007 
  76   54   56  1   0  0 0.020 01.0  0.00242   +0.10285   +0.10657     +3.616918 
  77   55   56  1   0  0 0.020 01.0  0.00223   -0.07406   -0.07274     -1.782339 
  78   56   57  1   0  0 0.020 01.0  0.00270   -0.14566   -0.15108     +3.720994 
  79   50   57  1   0  0 0.020 01.0  0.00328   +0.23179   +0.22395     -3.382372 
  80   56   58  1   0  0 0.020 01.0  0.00196   -0.03331   -0.03663     +9.966977 
  81   51   58  1   0  0 0.020 01.0  0.00251   +0.11639   +0.11344     -2.534582 
  82   54   59  1   0  0 0.020 01.0  0.00285   -0.16795   -0.17418     +3.709437 
  83   56   59  1   0  0 0.020 01.0  0.00371   -0.29572   -0.29285     -0.970513 
  84   55   59  1   0  0 0.020 01.0  0.00296   -0.18381   -0.18141     -1.305696 
  85   59   60  1   0  0 0.020 01.0  0.00340   -0.24947   -0.25520     +2.296869 
  86   59   61  1   0  0 0.020 01.0  0.00378   -0.30715   -0.31528     +2.646915 
  87   60   61  1   0  0 0.020 01.0  0.00661   -0.73114   -0.74722     +2.199305 
  88   60   62  1   0  0 0.020 01.0  0.00217   -0.06628   -0.06889     +3.937839 
  89   61   62  1   0  0 0.020 01.0  0.00279   +0.15882   +0.16274     +2.468203 
  90   63   59  1   0  0 0.020 01.0  0.01234   +1.59036   +1.56980     -1.292789 
  91   63   64  1   0  0 0.020 01.0  0.01234   -1.59036   -1.57602     -0.901683 
  92   64   61  1   0  0 0.020 01.0  0.00652   +0.71781   +0.70747     -1.440493 
  93   38   65  1   0  0 0.020 01.0  0.00426   -0.37841   -0.37116     -1.915911 
  94   64   65  1   0  0 0.020 01.0  0.01716   -2.31343   -2.29094     -0.972150 
  95   49   66  1   0  0 0.020 01.0  0.00951   -1.16662   -1.17144     +0.413159 
  96   62   66  1   0  0 0.020 01.0  0.00314   -0.21060   -0.20610     -2.136752 
  97   62   67  1   0  0 0.020 01.0  0.00256   -0.12362   -0.11852     -4.125546 
  98   65   66  1   0  0 0.020 01.0  0.01293   +1.68006   +1.68890     +0.526172 
  99   66   67  1   0  0 0.020 01.0  0.00386   +0.31940   +0.32474     +1.671885 
 100   65   68  1   0  0 0.020 01.0  0.02898   -4.08705   -4.07803     -0.220697 
 101   47   69  1   0  0 0.020 01.0  0.00627   -0.68076   -0.67871     -0.301134 
 102   49   69  1   0  0 0.020 01.0  0.00597   -0.63603   -0.63896     +0.460670 
 103   68   69  1   0  0 0.020 01.0  0.02158   -2.97636   -3.03946     +2.120039 
 104   69   70  1   0  0 0.020 01.0  0.00296   +0.18371   +0.18503     +0.718524 
 105   24   70  1   0  0 0.020 01.0  0.00285   +0.16693   +0.16836     +0.856646 
 106   70   71  1   0  0 0.020 01.0  0.00531   -0.53596   -0.52757     -1.565415 
 107   24   72  1   0  0 0.020 01.0  0.00246   +0.10892   +0.10537     -3.259273 
 108   71   72  1   0  0 0.020 01.0  0.00362   -0.28225   -0.28430     +0.726306 
 109   71   73  1   0  0 0.020 01.0  0.00345   -0.25783   -0.26244     +1.788000 
 110   70   74  1   0  0 0.020 01.0  0.00368   +0.29222   +0.28563     -2.255150 
 111   70   75  1   0  0 0.020 01.0  0.00333   +0.24025   +0.24598     +2.385016 
 112   69   75  1   0  0 0.020 01.0  0.00501   +0.49100   +0.48175     -1.883910 
 113   74   75  1   0  0 0.020 01.0  0.00258   -0.12690   -0.12503     -1.473601 
 114   76   77  1   0  0 0.020 01.0  0.00284   -0.16658   -0.16667     +0.054028 
 115   69   77  1   0  0 0.020 01.0  0.00552   +0.56839   +0.57937     +1.931772 
 116   75   77  1   0  0 0.020 01.0  0.00193   -0.02885   -0.02335    -19.064125 
 117   77   78  1   0  0 0.020 01.0  0.00751   +0.86676   +0.85049     -1.877106 
 118   78   79  1   0  0 0.020 01.0  0.00426   +0.37848   +0.38148     +0.792644 
 119   77   80  1   0  0 0.020 01.0  0.00410   -0.35546   -0.36115     +1.600743 
 120   79   80  1   0  0 0.020 01.0  0.00246   +0.10943   +0.10300     -5.875902 
 121   68   81  1   0  0 0.020 01.0  0.00246   +0.10880   +0.11073     +1.773897 
 122   81   80  1   0  0 0.020 01.0  0.00246   +0.10859   +0.10533     -3.002118 
 123   77   82  1   0  0 0.020 01.0  0.00362   -0.28268   -0.28887     +2.189755 
 124   82   83  1   0  0 0.020 01.0  0.00720   -0.82067   -0.81013     -1.284316 
 125   83   84  1   0  0 0.020 01.0  0.00423   -0.37450   -0.36718     -1.954606 
 126   83   85  1   0  0 0.020 01.0  0.00568   -0.59138   -0.59326     +0.317901 
 127   84   85  1   0  0 0.020 01.0  0.00480   -0.46001   -0.46554     +1.202148 
 128   85   86  1   0  0 0.020 01.0  0.00403   -0.34390   -0.34236     -0.447805 
 129   86   87  1   0  0 0.020 01.0  0.00502   -0.49270   -0.49685     +0.842298 
 130   85   88  1   0  0 0.020 01.0  0.00396   -0.33329   -0.32769     -1.680218 
 131   85   89  1   0  0 0.020 01.0  0.00480   -0.46067   -0.46181     +0.247466 
 132   88   89  1   0  0 0.020 01.0  0.00616   -0.66389   -0.66910     +0.784769 
 133   89   90  1   0  0 0.020 01.0  0.00568   +0.59164   +0.59347     +0.309310 
 134   90   91  1   0  0 0.020 01.0  0.00193   -0.02958   -0.02963     +0.169033 
 135   89   92  1   0  0 0.020 01.0  0.01688   +2.27174   +2.25067     -0.927483 
 136   91   92  1   0  0 0.020 01.0  0.00442   +0.40240   +0.39456     -1.948310 
 137   92   93  1   0  0 0.020 01.0  0.00638   +0.69689   +0.70176     +0.698819 
 138   92   94  1   0  0 0.020 01.0  0.00613   +0.65949   +0.67769     +2.759708 
 139   93   94  1   0  0 0.020 01.0  0.00575   +0.60307   +0.59098     -2.004742 
 140   94   95  1   0  0 0.020 01.0  0.00523   +0.52439   +0.51849     -1.125117 
 141   80   96  1   0  0 0.020 01.0  0.00334   -0.24167   -0.23956     -0.873091 
 142   82   96  1   0  0 0.020 01.0  0.00284   +0.16540   +0.15836     -4.256348 
 143   94   96  1   0  0 0.020 01.0  0.00447   +0.41051   +0.41080     +0.070644 
 144   80   97  1   0  0 0.020 01.0  0.00301   -0.19117   -0.19422     +1.595439 
 145   80   98  1   0  0 0.020 01.0  0.00249   -0.11293   -0.11646     +3.125830 
 146   80   99  1   0  0 0.020 01.0  0.00379   -0.30906   -0.31132     +0.731250 
 147   92  100  1   0  0 0.020 01.0  0.00454   +0.42083   +0.41400     -1.622983 
 148   94  100  1   0  0 0.020 01.0  0.00236   +0.09442   +0.09184     -2.732472 
 149   95   96  1   0  0 0.020 01.0  0.00329   +0.23295   +0.22761     -2.292337 
 150   96   97  1   0  0 0.020 01.0  0.00371   +0.29641   +0.30276     +2.142303 
 151   98  100  1   0  0 0.020 01.0  0.00404   -0.34625   -0.34541     -0.242599 
 152   99  100  1   0  0 0.020 01.0  0.00241   -0.10152   -0.10469     +3.122537 
 153  100  101  1   0  0 0.020 01.0  0.00381   -0.31185   -0.30945     -0.769601 
 154   92  102  1   0  0 0.020 01.0  0.00513   +0.51028   +0.51074     +0.090147 
 155  101  102  1   0  0 0.020 01.0  0.00485   -0.46677   -0.47946     +2.718684 
 156  100  103  1   0  0 0.020 01.0  0.00292   +0.17774   +0.17968     +1.091482 
 157  100  104  1   0  0 0.020 01.0  0.00231   +0.08627   +0.08226     -4.648198 
 158  103  104  1   0  0 0.020 01.0  0.00212   +0.05837   +0.06260     +7.246873 
 159  100  106  1   0  0 0.020 01.0  0.00256   +0.12395   +0.12033     -2.920532 
 160  105  107  1   0  0 0.020 01.0  0.00180   -0.01007   -0.01159    +15.094340 
 161  105  108  1   0  0 0.020 01.0  0.00196   +0.03421   +0.03422     +0.029231 
 162  106  107  1   0  0 0.020 01.0  0.00204   -0.04679   -0.05138     +9.809788 
 163  108  109  1   0  0 0.020 01.0  0.00187   +0.02016   +0.02029     +0.644841 
 164  103  110  1   0  0 0.020 01.0  0.00221   +0.07136   +0.07013     -1.723655 
 165  109  110  1   0  0 0.020 01.0  0.00197   -0.03484   -0.02923    -16.102181 
 166  110  111  1   0  0 0.020 01.0  0.00372   -0.29788   -0.30511     +2.427152 
 167  110  112  1   0  0 0.020 01.0  0.00218   +0.06715   +0.06241     -7.058824 
 168   17  113  1   0  0 0.020 01.0  0.00753   -0.86903   -0.87131     +0.262361 
 169   32  113  1   0  0 0.020 01.0  0.00601   +0.64188   +0.63271     -1.428616 
 170   32  114  1   0  0 0.020 01.0  0.00256   -0.12436   -0.12937     +4.028627 
 171   27  115  1   0  0 0.020 01.0  0.00394   +0.33111   +0.32125     -2.977862 
 172  114  115  1   0  0 0.020 01.0  0.00293   -0.17954   -0.18604     +3.620363 
 173   68  116  1   0  0 0.020 01.0  0.01001   -1.24177   -1.25809     +1.314253 
 174   12  117  1   0  0 0.020 01.0  0.00265   +0.13757   +0.13196     -4.077924 
 175   75  118  1   0  0 0.020 01.0  0.00371   +0.29627   +0.28925     -2.369460 
 176   76  118  1   0  0 0.020 01.0  0.00219   -0.06842   -0.07156     +4.589301 
 177    1    2  4   0  0 0.020 01.0  0.00279   -0.15803   -0.16462     +4.170094 
 178    1    3  4   0  0 0.020 01.0  0.00293   -0.17890   -0.18319     +2.397988 
 179    4    5  4   0  0 0.020 01.0  0.01659   +2.22797   +2.18770     -1.807475 
 180    3    5  4   0  0 0.020 01.0  0.00241   -0.10106   -0.10163     +0.564021 
 181    5    6  4   0  0 0.020 01.0  0.00458   +0.42710   +0.41810     -2.107235 
 182    6    7  4   0  0 0.020 01.0  0.00542   -0.55337   -0.56096     +1.371596 
 183    8    9  4   0  0 0.020 01.0  0.01516   -2.01349   -2.03528     +1.082201 
 184    8    5  4   0  0 0.020 01.0  0.00896   -1.08392   -1.08734     +0.315521 
 185    9   10  4   0  0 0.020 01.0  0.00670   -0.74565   -0.74190     -0.502917 
 186    4   11  4   0  0 0.020 01.0  0.00303   +0.19426   +0.19604     +0.916298 
 187    5   11  4   0  0 0.020 01.0  0.00207   -0.04998   -0.04700     -5.962385 
 188   11   12  4   0  0 0.040 02.0  0.00441   -0.40139   -0.40252     +0.281522 
 189    2   12  4   0  0 0.020 01.0  0.00302   -0.19364   -0.20055     +3.568478 
 190    3   12  4   0  0 0.020 01.0  0.00266   -0.13839   -0.13833     -0.043356 
 191    7   12  4   0  0 0.020 01.0  0.00553   -0.57001   -0.57434     +0.759636 
 192   11   13  4   0  0 0.020 01.0  0.00391   +0.32706   +0.32507     -0.608451 
 193   12   14  4   0  0 0.020 01.0  0.00237   +0.09564   +0.09783     +2.289837 
 194   13   15  4   0  0 0.020 01.0  0.00206   +0.04944   +0.04456     -9.870550 
 195   14   15  4   0  0 0.020 01.0  0.00246   +0.10827   +0.10507     -2.955574 
 196   12   16  4   0  0 0.020 01.0  0.00271   +0.14702   +0.14261     -2.999592 
 197   15   17  4   0  0 0.020 01.0  0.00223   +0.07399   +0.07017     -5.162860 
 198   16   17  4   0  0 0.020 01.0  0.00237   +0.09514   +0.09964     +4.729872 
 199   17   18  4   0  0 0.020 01.0  0.00201   +0.04165   +0.06578    +57.935174 
 200   18   19  4   0  0 0.020 01.0  0.00239   +0.09835   +0.09573     -2.663955 
 201   19   20  4   0  0 0.020 01.0  0.00251   +0.11664   +0.12115     +3.866598 
 202   15   19  4   0  0 0.020 01.0  0.00285   +0.16692   +0.16898     +1.234124 
 203   20   21  4   0  0 0.020 01.0  0.00247   +0.11025   +0.11370     +3.129252 
 204   21   22  4   0  0 0.020 01.0  0.00211   +0.05683   +0.05628     -0.967799 
 205   22   23  4   0  0 0.020 01.0  0.00184   +0.01546   +0.01351    -12.613195 
 206   23   24  4   0  0 0.020 01.0  0.00366   +0.28913   +0.29497     +2.019853 
 207   23   25  4   0  0 0.020 01.0  0.00226   -0.07892   -0.07732     -2.027369 
 208   26   25  4   0  0 0.020 01.0  0.02284   -3.16616   -3.18777     +0.682530 
 209   25   27  4   0  0 0.020 01.0  0.00283   -0.16433   -0.16821     +2.361103 
 210   27   28  4   0  0 0.020 01.0  0.00222   -0.07258   -0.06873     -5.304492 
 211   28   29  4   0  0 0.020 01.0  0.00242   -0.10271   -0.09879     -3.816571 
 212   30   17  4   0  0 0.020 01.0  0.00480   -0.46030   -0.45576     -0.986313 
 213    8   30  4   0  0 0.020 01.0  0.00396   -0.33370   -0.33770     +1.198681 
 214   26   30  4   0  0 0.020 01.0  0.01052   -1.31796   -1.32051     +0.193481 
 215   17   31  4   0  0 0.020 01.0  0.00268   +0.14149   +0.13796     -2.494876 
 216   29   31  4   0  0 0.020 01.0  0.00244   -0.10529   -0.10587     +0.550860 
 217   23   32  4   0  0 0.020 01.0  0.00333   -0.23933   -0.23347     -2.448502 
 218   31   32  4   0  0 0.020 01.0  0.00276   +0.15406   +0.15839     +2.810593 
 219   27   32  4   0  0 0.020 01.0  0.00208   -0.05183   -0.05055     -2.469612 
 220   15   33  4   0  0 0.020 01.0  0.00201   +0.04119   +0.03938     -4.394270 
 221   19   34  4   0  0 0.020 01.0  0.00196   -0.03385   -0.03647     +7.740030 
 222   35   36  4   0  0 0.020 01.0  0.00176   -0.00450   -0.00821    +82.444444 
 223   35   37  4   0  0 0.020 01.0  0.00212   -0.05750   -0.05461     -5.026087 
 224   33   37  4   0  0 0.020 01.0  0.00181   +0.01134   +0.00792    -30.158730 
 225   34   36  4   0  0 0.020 01.0  0.00340   +0.25053   +0.25329     +1.101664 
 226   34   37  4   0  0 0.020 01.0  0.00533   +0.53927   +0.52973     -1.769058 
 227   38   37  4   0  0 0.020 01.0  0.00572   +0.59852   +0.58349     -2.511194 
 228   37   39  4   0  0 0.020 01.0  0.00456   +0.42444   +0.43348     +2.129865 
 229   37   40  4   0  0 0.020 01.0  0.00420   +0.37029   +0.37244     +0.580626 
 230   30   38  4   0  0 0.020 01.0  0.00442   -0.40239   -0.40135     -0.258456 
 231   39   40  4   0  0 0.020 01.0  0.00404   +0.34530   +0.34053     -1.381407 
 232   40   41  4   0  0 0.020 01.0  0.00305   -0.19817   -0.20628     +4.092446 
 233   40   42  4   0  0 0.020 01.0  0.00341   -0.25193   -0.25551     +1.421030 
 234   41   42  4   0  0 0.020 01.0  0.00347   -0.26003   -0.26352     +1.342153 
 235   43   44  4   0  0 0.020 01.0  0.00251   -0.11608   -0.11922     +2.705031 
 236   34   43  4   0  0 0.020 01.0  0.00246   -0.10819   -0.10709     -1.016730 
 237   44   45  4   0  0 0.020 01.0  0.00180   +0.00981   +0.00876    -10.703364 
 238   45   46  4   0  0 0.020 01.0  0.00174   -0.00085   -0.00368   +332.941176 
 239   46   47  4   0  0 0.020 01.0  0.00312   +0.20802   +0.20273     -2.543025 
 240   46   48  4   0  0 0.020 01.0  0.00209   -0.05359   -0.05198     -3.004292 
 241   47   49  4   0  0 0.020 01.0  0.00472   -0.44854   -0.44212     -1.431310 
 242   42   49  4   0  0 0.020 01.0  0.00485   -0.46690   -0.46981     +0.623260 
 243   45   49  4   0  0 0.020 01.0  0.00174   +0.00067   +0.00207   +208.955224 
 244   48   49  4   0  0 0.020 01.0  0.00241   +0.10113   +0.09803     -3.065361 
 245   49   50  4   0  0 0.020 01.0  0.00269   -0.14367   -0.14360     -0.048723 
 246   49   51  4   0  0 0.020 01.0  0.00285   -0.16720   -0.17041     +1.919856 
 247   51   52  4   0  0 0.020 01.0  0.00223   -0.07479   -0.07564     +1.136516 
 248   52   53  4   0  0 0.020 01.0  0.00236   -0.09473   -0.09675     +2.132376 
 249   53   54  4   0  0 0.020 01.0  0.00256   -0.12366   -0.12457     +0.735889 
 250   49   54  4   0  0 0.020 01.0  0.00426   -0.37902   -0.37325     -1.522347 
 251   54   55  4   0  0 0.020 01.0  0.00255   +0.12222   +0.11780     -3.616429 
 252   54   56  4   0  0 0.020 01.0  0.00688   +0.77230   +0.76008     -1.582287 
 253   55   56  4   0  0 0.020 01.0  0.00255   -0.12279   -0.12295     +0.130304 
 254   56   57  4   0  0 0.020 01.0  0.00255   +0.12314   +0.11906     -3.313302 
 255   50   57  4   0  0 0.020 01.0  0.00279   -0.15804   -0.15804     +0.000000 
 256   56   58  4   0  0 0.020 01.0  0.00245   +0.10730   +0.10528     -1.882572 
 257   51   58  4   0  0 0.020 01.0  0.00262   -0.13278   -0.13226     -0.391625 
 258   54   59  4   0  0 0.020 01.0  0.00208   +0.05199   +0.04853     -6.655126 
 259   56   59  4   0  0 0.020 01.0  0.00217   +0.06503   +0.06446     -0.876519 
 260   55   59  4   0  0 0.020 01.0  0.00184   +0.01525   +0.00984    -35.475410 
 261   59   60  4   0  0 0.020 01.0  0.00629   +0.68325   +0.68635     +0.453714 
 262   59   61  4   0  0 0.020 01.0  0.00659   +0.72798   +0.72379     -0.575565 
 263   60   61  4   0  0 0.020 01.0  0.00606   +0.64894   +0.64495     -0.614849 
 264   60   62  4   0  0 0.020 01.0  0.00183   -0.01373   -0.01762    +28.332119 
 265   61   62  4   0  0 0.020 01.0  0.00341   -0.25118   -0.25595     +1.899037 
 266   63   59  4   0  0 0.020 01.0  0.00724   -0.82535   -0.83918     +1.675653 
 267   63   64  4   0  0 0.020 01.0  0.00724   +0.82535   +0.81392     -1.384867 
 268   64   61  4   0  0 0.020 01.0  0.01360   +1.77961   +1.75742     -1.246902 
 269   38   65  4   0  0 0.020 01.0  0.00561   -0.58140   -0.58816     +1.162711 
 270   64   65  4   0  0 0.020 01.0  0.00691   -0.77683   -0.78256     +0.737613 
 271   49   66  4   0  0 0.020 01.0  0.00532   +0.53773   +0.53143     -1.171592 
 272   62   66  4   0  0 0.020 01.0  0.00338   -0.24765   -0.25371     +2.447002 
 273   62   67  4   0  0 0.020 01.0  0.00325   -0.22672   -0.23341     +2.950776 
 274   65   66  4   0  0 0.040 02.0  0.00281   +0.16145   +0.16749     +3.741096 
 275   66   67  4   0  0 0.020 01.0  0.00330   +0.23462   +0.23993     +2.263234 
 276   65   68  4   0  0 0.020 01.0  0.00803   +0.94467   +0.93708     -0.803455 
 277   47   69  4   0  0 0.020 01.0  0.00630   +0.68435   +0.68507     +0.105209 
 278   49   69  4   0  0 0.020 01.0  0.00631   +0.68668   +0.67764     -1.316479 
 279   68   69  4   0  0 0.020 01.0  0.02290   +3.17524   +3.12863     -1.467921 
 280   69   70  4   0  0 0.020 01.0  0.00283   +0.16463   +0.16565     +0.619571 
 281   24   70  4   0  0 0.020 01.0  0.00426   +0.37832   +0.38097     +0.700465 
 282   70   71  4   0  0 0.020 01.0  0.00386   +0.31841   +0.32953     +3.492353 
 283   24   72  4   0  0 0.020 01.0  0.00799   +0.93801   +0.92512     -1.374186 
 284   71   72  4   0  0 0.020 01.0  0.00242   +0.10264   +0.09992     -2.650039 
 285   71   73  4   0  0 0.020 01.0  0.00311   +0.20648   +0.20174     -2.295622 
 286   70   74  4   0  0 0.020 01.0  0.00178   +0.00763   +0.01030    +34.993447 
 287   70   75  4   0  0 0.020 01.0  0.00218   -0.06677   -0.06366     -4.657780 
 288   69   75  4   0  0 0.020 01.0  0.00231   +0.08629   +0.09090     +5.342450 
 289   74   75  4   0  0 0.020 01.0  0.00336   -0.24459   -0.25026     +2.318165 
 290   76   77  4   0  0 0.020 01.0  0.00466   -0.43913   -0.43953     +0.091089 
 291   69   77  4   0  0 0.020 01.0  0.00479   -0.45787   -0.46810     +2.234259 
 292   75   77  4   0  0 0.020 01.0  0.00380   -0.31032   -0.30315     -2.310518 
 293   77   78  4   0  0 0.020 01.0  0.00368   -0.29216   -0.28993     -0.763280 
 294   78   79  4   0  0 0.020 01.0  0.00486   -0.46886   -0.47515     +1.341552 
 295   77   80  4   0  0 0.020 01.0  0.01967   -2.68994   -2.65782     -1.194079 
 296   79   80  4   0  0 0.020 01.0  0.00504   -0.49557   -0.50724     +2.354864 
 297   68   81  4   0  0 0.020 01.0  0.00243   -0.10485   -0.10590     +1.001431 
 298   81   80  4   0  0 0.020 01.0  0.00698   +0.78728   +0.77350     -1.750330 
 299   77   82  4   0  0 0.020 01.0  0.00325   -0.22697   -0.22464     -1.026567 
 300   82   83  4   0  0 0.020 01.0  0.00329   +0.23358   +0.23193     -0.706396 
 301   83   84  4   0  0 0.020 01.0  0.00279   +0.15775   +0.16159     +2.434231 
 302   83   85  4   0  0 0.020 01.0  0.00253   +0.11993   +0.12180     +1.559243 
 303   84   85  4   0  0 0.020 01.0  0.00249   +0.11360   +0.11256     -0.915493 
 304   85   86  4   0  0 0.020 01.0  0.00283   -0.16461   -0.17256     +4.829597 
 305   86   87  4   0  0 0.020 01.0  0.00320   -0.22030   -0.21821     -0.948706 
 306   85   88  4   0  0 0.020 01.0  0.00282   -0.16357   -0.16872     +3.148499 
 307   85   89  4   0  0 0.020 01.0  0.00316   -0.21459   -0.21405     -0.251643 
 308   88   89  4   0  0 0.020 01.0  0.00317   -0.21589   -0.22100     +2.366946 
 309   89   90  4   0  0 0.020 01.0  0.00485   -0.46797   -0.47706     +1.942432 
 310   90   91  4   0  0 0.020 01.0  0.00176   -0.00332   -0.00513    +54.518072 
 311   89   92  4   0  0 0.020 01.0  0.00281   -0.16109   -0.16657     +3.401825 
 312   91   92  4   0  0 0.020 01.0  0.00225   +0.07767   +0.07562     -2.639372 
 313   92   93  4   0  0 0.020 01.0  0.00272   -0.14781   -0.14926     +0.980989 
 314   92   94  4   0  0 0.020 01.0  0.00288   -0.17236   -0.17650     +2.401949 
 315   93   94  4   0  0 0.020 01.0  0.00314   -0.21077   -0.21813     +3.491958 
 316   94   95  4   0  0 0.020 01.0  0.00373   +0.29890   +0.29893     +0.010037 
 317   80   96  4   0  0 0.020 01.0  0.00199   +0.03875   +0.03854     -0.541935 
 318   82   96  4   0  0 0.020 01.0  0.00423   -0.37432   -0.38285     +2.278799 
 319   94   96  4   0  0 0.020 01.0  0.00307   +0.20027   +0.19775     -1.258301 
 320   80   97  4   0  0 0.020 01.0  0.00219   +0.06816   +0.06679     -2.009977 
 321   80   98  4   0  0 0.020 01.0  0.00325   -0.22707   -0.22719     +0.052847 
 322   80   99  4   0  0 0.020 01.0  0.00308   -0.20124   -0.20445     +1.595110 
 323   92  100  4   0  0 0.020 01.0  0.00354   -0.27086   -0.27733     +2.388688 
 324   94  100  4   0  0 0.020 01.0  0.00853   -1.01898   -1.00657     -1.217885 
 325   95   96  4   0  0 0.020 01.0  0.00230   +0.08427   +0.08398     -0.344132 
 326   96   97  4   0  0 0.020 01.0  0.00204   -0.04596   -0.04564     -0.696258 
 327   98  100  4   0  0 0.020 01.0  0.00345   -0.25749   -0.26095     +1.343742 
 328   99  100  4   0  0 0.020 01.0  0.00421   -0.37192   -0.37532     +0.914175 
 329  100  101  4   0  0 0.020 01.0  0.00389   +0.32356   +0.33062     +2.181976 
 330   92  102  4   0  0 0.020 01.0  0.00322   -0.22283   -0.22492     +0.937935 
 331  101  102  4   0  0 0.020 01.0  0.00332   +0.23771   +0.23539     -0.975979 
 332  100  103  4   0  0 0.020 01.0  0.00242   +0.10238   +0.10390     +1.484665 
 333  100  104  4   0  0 0.020 01.0  0.00215   +0.06180   +0.06211     +0.501618 
 334  103  104  4   0  0 0.020 01.0  0.00201   +0.04136   +0.04514     +9.139265 
 335  100  106  4   0  0 0.020 01.0  0.00183   +0.01500   +0.01590     +6.000000 
 336  105  107  4   0  0 0.020 01.0  0.00272   -0.14833   -0.15348     +3.471988 
 337  105  108  4   0  0 0.020 01.0  0.00199   -0.03887   -0.04002     +2.958580 
 338  106  107  4   0  0 0.020 01.0  0.00252   -0.11763   -0.11217     -4.641673 
 339  108  109  4   0  0 0.020 01.0  0.00190   -0.02449   -0.02506     +2.327481 
 340  103  110  4   0  0 0.020 01.0  0.00177   +0.00565   +0.00396    -29.911504 
 341  109  110  4   0  0 0.020 01.0  0.00198   -0.03665   -0.03414     -6.848568 
 342  110  111  4   0  0 0.020 01.0  0.00284   -0.16676   -0.16870     +1.163349 
 343  110  112  4   0  0 0.020 01.0  0.00406   -0.34900   -0.35681     +2.237822 
 344   17  113  4   0  0 0.020 01.0  0.00532   -0.53820   -0.54053     +0.432925 
 345   32  113  4   0  0 0.020 01.0  0.00334   -0.24182   -0.24725     +2.245472 
 346   32  114  4   0  0 0.020 01.0  0.00189   +0.02276   +0.01995    -12.346221 
 347   27  115  4   0  0 0.020 01.0  0.00179   +0.00810   +0.00607    -25.061728 
 348  114  115  4   0  0 0.020 01.0  0.00187   +0.02021   +0.01799    -10.984661 
 349   68  116  4   0  0 0.020 01.0  0.01283   -1.66477   -1.67042     +0.339386 
 350   12  117  4   0  0 0.020 01.0  0.00184   +0.01602   +0.01289    -19.538077 
 351   75  118  4   0  0 0.020 01.0  0.00245   +0.10719   +0.11098     +3.535778 
 352   76  118  4   0  0 0.020 01.0  0.00186   -0.01894   -0.02287    +20.749736 
----------------------------------------------------------------------------------
Número de medidores SCADA:     352
Número de PMUs:                0
Número de medidas das PMUs:    0
----------------------------------------------------------------------------------

Matriz de pesos formada com as covariâncias das telemedidas.
Não há medidas de ângulo.
Não há medidores desabilitados.
============= Estado Ref =============== Estado Est ================ TVE =========
Barra     Mod(pu)    Ang(graus)      Mod(pu)   Ang(graus)            (%)         
----------------------------------------------------------------------------------
   1       1.0510       -16.82        1.0496       -16.77          0.1533 
   2       1.0660       -16.80        1.0651       -16.74          0.1314 
   3       1.0620       -16.28        1.0605       -16.25          0.1499 
   4       1.1000       -13.70        1.0989       -13.64          0.1395 
   5       1.0840       -13.43        1.0833       -13.38          0.1116 
   6       1.0550       -15.13        1.0543       -15.07          0.1321 
   7       1.0640       -15.69        1.0635       -15.63          0.1092 
   8       1.0550       -10.20        1.0542       -10.17          0.0938 
   9       1.0970        -8.86        1.0970        -8.81          0.0819 
  10       1.1000        -7.34        1.0998        -7.27          0.1197 
  11       1.0790       -16.61        1.0698       -16.57          0.8578 
  12       1.0800       -16.40        1.0793       -16.36          0.0964 
  13       1.0190       -22.71        1.0172       -22.69          0.1767 
  14       1.0750       -15.90        1.0744       -15.85          0.1012 
  15       1.0630       -13.44        1.0620       -13.44          0.0958 
  16       1.0740       -14.96        1.0739       -14.91          0.0807 
  17       1.0780       -10.37        1.0772       -10.30          0.1490 
  18       1.0680       -12.03        1.0662       -12.08          0.1944 
  19       1.0600       -12.75        1.0586       -12.77          0.1399 
  20       1.0560       -10.16        1.0545       -10.15          0.1450 
  21       1.0560        -7.73        1.0547        -7.70          0.1302 
  22       1.0640        -4.54        1.0623        -4.56          0.1691 
  23       1.0860         1.10        1.0853         1.13          0.0761 
  24       1.0800         2.83        1.0790         2.85          0.1025 
  25       1.1000         3.89        1.0989         3.89          0.0972 
  26       0.9760         4.58        0.9745         4.56          0.1550 
  27       1.0950        -0.83        1.0943        -0.79          0.0915 
  28       1.0940        -2.23        1.0934        -2.22          0.0633 
  29       1.0970        -3.28        1.0967        -3.25          0.0619 
  30       1.0600        -8.61        1.0598        -8.55          0.1002 
  31       1.1000        -3.41        1.0993        -3.37          0.0917 
  32       1.0890        -2.47        1.0882        -2.43          0.1058 
  33       1.0500       -14.40        1.0493       -14.42          0.0733 
  34       1.0490       -14.76        1.0486       -14.78          0.0579 
  35       1.0410       -14.91        1.0406       -14.93          0.0546 
  36       1.0410       -14.90        1.0407       -14.92          0.0494 
  37       1.0460       -14.41        1.0452       -14.43          0.0843 
  38       1.0650       -11.61        1.0646       -11.59          0.0447 
  39       0.9900       -15.81        0.9886       -15.81          0.1409 
  40       0.9650       -16.07        0.9639       -16.09          0.1227 
  41       0.9710       -17.00        0.9704       -17.02          0.0730 
  42       1.0050       -17.58        1.0047       -17.61          0.0526 
  43       1.0560       -16.60        1.0549       -16.62          0.1105 
  44       1.0710       -17.68        1.0708       -17.71          0.0552 
  45       1.0700       -17.46        1.0698       -17.51          0.0838 
  46       1.0770       -15.85        1.0767       -15.93          0.1330 
  47       1.0560       -14.44        1.0561       -14.51          0.1281 
  48       1.0800       -16.17        1.0798       -16.20          0.0484 
  49       1.0770       -15.79        1.0767       -15.83          0.0666 
  50       1.0780       -17.27        1.0775       -17.33          0.1079 
  51       1.0780       -19.10        1.0775       -19.14          0.0775 
  52       1.0780       -19.73        1.0776       -19.76          0.0606 
  53       1.0860       -20.44        1.0857       -20.46          0.0458 
  54       1.1000       -20.08        1.0994       -20.10          0.0696 
  55       1.0910       -20.05        1.0905       -20.08          0.0660 
  56       1.0930       -20.02        1.0925       -20.05          0.0724 
  57       1.0860       -19.11        1.0855       -19.12          0.0489 
  58       1.0830       -19.66        1.0830       -19.69          0.0440 
  59       1.0900       -18.02        1.0899       -18.05          0.0523 
  60       1.0050       -14.96        1.0045       -14.96          0.0521 
  61       0.9980       -14.30        0.9978       -14.29          0.0305 
  62       1.0060       -14.75        1.0059       -14.75          0.0154 
  63       1.0580       -14.97        1.0578       -14.99          0.0374 
  64       1.0440       -13.24        1.0432       -13.25          0.0824 
  65       1.0680        -9.72        1.0680        -9.75          0.0516 
  66       1.0640       -12.86        1.0640       -12.89          0.0590 
  67       1.0340       -14.26        1.0336       -14.30          0.0830 
  68       1.0560        -6.31        1.0556        -6.34          0.0714 
  69       0.9500         0.00        0.9508         0.00          0.0879 
  70       0.9150        -1.10        0.9157        -1.10          0.0781 
  71       0.9080         0.40        0.9082         0.39          0.0267 
  72       0.9000         4.35        0.9010         4.37          0.1188 
  73       0.9000         1.35        0.9005         1.35          0.0549 
  74       0.9000        -3.73        0.9003        -3.71          0.0429 
  75       0.9130        -3.58        0.9131        -3.57          0.0143 
  76       0.9000        -4.71        0.9001        -4.69          0.0294 
  77       0.9780        -4.33        0.9786        -4.38          0.1038 
  78       0.9780        -5.04        0.9789        -5.08          0.1163 
  79       0.9880        -5.73        0.9885        -5.78          0.1095 
  80       1.0210        -6.60        1.0216        -6.64          0.0859 
  81       1.0490        -6.39        1.0488        -6.43          0.0700 
  82       1.0030        -3.25        1.0036        -3.27          0.0647 
  83       1.0040        -1.37        1.0039        -1.42          0.0845 
  84       1.0060         2.04        1.0057         1.97          0.1293 
  85       1.0130         3.90        1.0127         3.85          0.0870 
  86       1.0440         5.91        1.0444         5.84          0.1349 
  87       1.1000        10.74        1.1003        10.71          0.0659 
  88       1.0350         5.59        1.0349         5.52          0.1193 
  89       1.0590         7.92        1.0591         7.87          0.0901 
  90       1.0740         5.66        1.0742         5.60          0.0980 
  91       1.0740         5.79        1.0742         5.74          0.0937 
  92       1.0490         3.38        1.0494         3.38          0.0387 
  93       1.0450         0.10        1.0448         0.05          0.0904 
  94       1.0470        -2.44        1.0476        -2.48          0.0861 
  95       1.0280        -3.44        1.0286        -3.46          0.0685 
  96       1.0190        -4.05        1.0199        -4.06          0.0917 
  97       1.0170        -5.54        1.0180        -5.56          0.1043 
  98       1.0460        -6.22        1.0467        -6.23          0.0691 
  99       1.0710        -3.68        1.0717        -3.71          0.0860 
 100       1.1000        -3.59        1.1009        -3.61          0.0903 
 101       1.0690        -1.21        1.0694        -1.25          0.0846 
 102       1.0550         1.77        1.0554         1.77          0.0389 
 103       1.0910        -3.93        1.0918        -3.95          0.0842 
 104       1.0790        -4.23        1.0794        -4.25          0.0579 
 105       1.0790        -4.40        1.0800        -4.38          0.1020 
 106       1.0830        -4.80        1.0838        -4.80          0.0756 
 107       1.1000        -4.62        1.1012        -4.58          0.1283 
 108       1.0800        -4.55        1.0811        -4.53          0.1098 
 109       1.0800        -4.59        1.0815        -4.57          0.1425 
 110       1.0830        -4.50        1.0839        -4.50          0.0828 
 111       1.1000        -3.58        1.1012        -3.56          0.1139 
 112       1.1000        -5.07        1.1014        -5.07          0.1313 
 113       1.1000        -9.34        1.0998        -9.26          0.1359 
 114       1.0890        -2.08        1.0882        -2.02          0.1221 
 115       1.0890        -1.99        1.0884        -1.93          0.1205 
 116       1.0620        -6.08        1.0621        -6.11          0.0558 
 117       1.0710       -17.30        1.0710       -17.22          0.1356 
 118       0.9020        -4.46        0.9024        -4.43          0.0659 
----------------------------------------------------------------------------------
Convergiu em:    4 iteraçoes com TVE medio de     0.0969 
----------------------------------------------------------------------------------
--- RESIDUOS NORMALIZADOS --------------------------------------------------------
   N    D    P  TP      Real     Medido   Estimado      Med-Est        rn 
----------------------------------------------------------------------------------
  26   15   19  1    -0.2941    -0.2832    -0.2762  -6.9504e-003      6.335 
  24   18   19  1    +0.3094    +0.3057    +0.2984  +7.2483e-003      5.543 
  23   17   18  1    +0.6742    +0.7490    +0.7256  +2.3369e-002      5.525 
  48   33   37  1    +0.0103    +0.0118    +0.0093  +2.5252e-003      3.500 
  44   15   33  1    +0.1683    +0.1768    +0.1711  +5.6450e-003      3.500 
 199   17   18  4    +0.0417    +0.0658    +0.0620  +3.7531e-003      3.480 
 200   18   19  4    +0.0984    +0.0957    +0.0914  +4.3097e-003      3.408 
  21   15   17  1    -1.3750    -1.3753    -1.4056  +3.0308e-002      3.326 
  91   63   64  1    -1.5904    -1.5760    -1.5905  +1.4457e-002      3.047 
  90   63   59  1    +1.5904    +1.5698    +1.5955  -2.5698e-002      3.006 
 212   30   17  4    -0.4603    -0.4558    -0.4625  +6.7817e-003      2.906 
 337  105  108  4    -0.0389    -0.0400    -0.0409  +9.2863e-004      2.904 
 339  108  109  4    -0.0245    -0.0251    -0.0254  +3.4247e-004      2.902 
 341  109  110  4    -0.0367    -0.0341    -0.0351  +9.6653e-004      2.901 
 338  106  107  4    -0.1176    -0.1122    -0.1158  +3.6423e-003      2.854 
 294   78   79  4    -0.4689    -0.4752    -0.4713  -3.8399e-003      2.851 
 336  105  107  4    -0.1483    -0.1535    -0.1490  -4.5036e-003      2.848 
 296   79   80  4    -0.4956    -0.5072    -0.4950  -1.2282e-002      2.832 
 335  100  106  4    +0.0150    +0.0159    +0.0135  +2.3778e-003      2.827 
 340  103  110  4    +0.0056    +0.0040    +0.0057  -1.6953e-003      2.786 
 291   69   77  4    -0.4579    -0.4681    -0.4579  -1.0206e-002      2.770 
 188   11   12  4    -0.4014    -0.4025    -0.4168  +1.4264e-002      2.768 
 216   29   31  4    -0.1053    -0.1059    -0.1072  +1.3527e-003      2.754 
 211   28   29  4    -0.1027    -0.0988    -0.1024  +3.6219e-003      2.743 
 274   65   66  4    +0.1615    +0.1675    +0.1607  +6.8240e-003      2.738 
 293   77   78  4    -0.2922    -0.2899    -0.2889  -1.0295e-003      2.731 
 210   27   28  4    -0.0726    -0.0687    -0.0714  +2.6861e-003      2.727 
   3    4    5  1    -0.1998    -0.2081    -0.2084  +3.4232e-004      2.693 
  54   30   38  1    +1.0780    +1.0796    +1.0943  -1.4659e-002      2.692 
 201   19   20  4    +0.1166    +0.1211    +0.1183  +2.8993e-003      2.670 
 292   75   77  4    -0.3103    -0.3031    -0.3121  +8.9824e-003      2.653 
 156  100  103  1    +0.1777    +0.1797    +0.1773  +2.3614e-003      2.647 
  14    3   12  1    -0.0193    -0.0176    -0.0211  +3.4954e-003      2.636 
 203   20   21  4    +0.1103    +0.1137    +0.1117  +1.9597e-003      2.636 
 138   92   94  1    +0.6595    +0.6777    +0.6626  +1.5096e-002      2.635 
  10    4   11  1    +0.9328    +0.9154    +0.9337  -1.8331e-002      2.634 
 158  103  104  1    +0.0584    +0.0626    +0.0593  +3.2848e-003      2.630 
 204   21   22  4    +0.0568    +0.0563    +0.0547  +1.5441e-003      2.590 
  36   30   17  1    +0.9016    +0.9040    +0.8945  +9.5015e-003      2.578 
 175   75  118  1    +0.2963    +0.2893    +0.2923  -3.0736e-003      2.566 
 176   76  118  1    -0.0684    -0.0716    -0.0728  +1.2776e-003      2.554 
 157  100  104  1    +0.0863    +0.0823    +0.0867  -4.4710e-003      2.534 
 114   76   77  1    -0.1666    -0.1667    -0.1614  -5.3064e-003      2.519 
 205   22   23  4    +0.0155    +0.0135    +0.0117  +1.7802e-003      2.500 
 275   66   67  4    +0.2346    +0.2399    +0.2356  +4.3642e-003      2.479 
 273   62   67  4    -0.2267    -0.2334    -0.2283  -5.0980e-003      2.439 
 225   34   36  4    +0.2505    +0.2533    +0.2483  +4.9927e-003      2.339 
 112   69   75  1    +0.4910    +0.4818    +0.4916  -9.8401e-003      2.313 
 270   64   65  4    -0.7768    -0.7826    -0.7894  +6.8798e-003      2.299 
 222   35   36  4    -0.0045    -0.0082    -0.0077  -4.9962e-004      2.293 
 223   35   37  4    -0.0575    -0.0546    -0.0580  +3.3475e-003      2.289 
 119   77   80  1    -0.3555    -0.3612    -0.3646  +3.4451e-003      2.275 
  82   54   59  1    -0.1679    -0.1742    -0.1684  -5.7958e-003      2.246 
 260   55   59  4    +0.0153    +0.0098    +0.0133  -3.4853e-003      2.227 
 181    5    6  4    +0.4271    +0.4181    +0.4244  -6.3110e-003      2.193 
 182    6    7  4    -0.5534    -0.5610    -0.5573  -3.6462e-003      2.158 
 103   68   69  1    -2.9764    -3.0395    -2.9978  -4.1665e-002      2.156 
 194   13   15  4    +0.0494    +0.0446    +0.0477  -3.1605e-003      2.144 
 111   70   75  1    +0.2402    +0.2460    +0.2402  +5.8145e-003      2.136 
 192   11   13  4    +0.3271    +0.3251    +0.3285  -3.3846e-003      2.132 
 191    7   12  4    -0.5700    -0.5743    -0.5682  -6.1308e-003      2.111 
 215   17   31  4    +0.1415    +0.1380    +0.1415  -3.5897e-003      2.096 
  92   64   61  1    +0.7178    +0.7075    +0.7030  +4.5156e-003      2.052 
  19   14   15  1    -0.2094    -0.2097    -0.2050  -4.6443e-003      2.036 
 312   91   92  4    +0.0777    +0.0756    +0.0784  -2.7410e-003      2.020 
 310   90   91  4    -0.0033    -0.0051    -0.0040  -1.1178e-003      2.019 
 309   89   90  4    -0.4680    -0.4771    -0.4703  -6.7527e-003      2.014 
  17   12   14  1    -0.1129    -0.1137    -0.1127  -1.0072e-003      2.003 
 202   15   19  4    +0.1669    +0.1690    +0.1721  -3.0991e-003      1.997 
  51   38   37  1    +1.4515    +1.4530    +1.4671  -1.4089e-002      1.992 
 324   94  100  4    -1.0190    -1.0066    -1.0196  +1.3055e-002      1.983 
 249   53   54  4    -0.1237    -0.1246    -0.1219  -2.6845e-003      1.955 
 226   34   37  4    +0.5393    +0.5297    +0.5333  -3.5316e-003      1.953 
 113   74   75  1    -0.1269    -0.1250    -0.1241  -8.8086e-004      1.950 
 117   77   78  1    +0.8668    +0.8505    +0.8557  -5.1875e-003      1.943 
 248   52   53  4    -0.0947    -0.0968    -0.0937  -3.0742e-003      1.938 
 147   92  100  1    +0.4208    +0.4140    +0.4222  -8.2236e-003      1.935 
 306   85   88  4    -0.1636    -0.1687    -0.1657  -3.0575e-003      1.932 
 281   24   70  4    +0.3783    +0.3810    +0.3735  +7.4346e-003      1.924 
 230   30   38  4    -0.4024    -0.4013    -0.3972  -4.1956e-003      1.921 
 268   64   61  4    +1.7796    +1.7574    +1.7736  -1.6185e-002      1.916 
 110   70   74  1    +0.2922    +0.2856    +0.2912  -5.6135e-003      1.914 
 308   88   89  4    -0.2159    -0.2210    -0.2184  -2.6071e-003      1.904 
 189    2   12  4    -0.1936    -0.2006    -0.1980  -2.5114e-003      1.901 
 178    1    3  4    -0.1789    -0.1832    -0.1848  +1.5815e-003      1.886 
 247   51   52  4    -0.0748    -0.0756    -0.0747  -9.5970e-004      1.885 
 177    1    2  4    -0.1580    -0.1646    -0.1612  -3.4435e-003      1.879 
 217   23   32  4    -0.2393    -0.2335    -0.2378  +4.2839e-003      1.876 
 227   38   37  4    +0.5985    +0.5835    +0.5883  -4.8597e-003      1.874 
 120   79   80  1    +0.1094    +0.1030    +0.1058  -2.7625e-003      1.863 
   4    3    5  1    -0.5487    -0.5603    -0.5515  -8.8141e-003      1.854 
 118   78   79  1    +0.3785    +0.3815    +0.3846  -3.1004e-003      1.847 
  11    5   11  1    +0.9324    +0.9475    +0.9347  +1.2830e-002      1.778 
 246   49   51  4    -0.1672    -0.1704    -0.1668  -3.5806e-003      1.769 
 141   80   96  1    -0.2417    -0.2396    -0.2448  +5.1928e-003      1.701 
 259   56   59  4    +0.0650    +0.0645    +0.0619  +2.5853e-003      1.670 
  57   40   42  1    +0.0697    +0.0716    +0.0686  +3.0240e-003      1.650 
 139   93   94  1    +0.6031    +0.5910    +0.5956  -4.5864e-003      1.638 
  58   41   42  1    -0.0006    -0.0023    -0.0009  -1.4467e-003      1.637 
 198   16   17  4    +0.0951    +0.0996    +0.0967  +2.9360e-003      1.636 
 137   92   93  1    +0.6969    +0.7018    +0.7086  -6.8582e-003      1.626 
  56   40   41  1    +0.2540    +0.2483    +0.2503  -2.0257e-003      1.626 
 196   12   16  4    +0.1470    +0.1426    +0.1409  +1.7148e-003      1.606 
  13    2   12  1    -0.1851    -0.1833    -0.1813  -2.0203e-003      1.582 
   2    1    3  1    -0.3006    -0.2943    -0.2965  +2.2201e-003      1.567 
  83   56   59  1    -0.2957    -0.2929    -0.2973  +4.4168e-003      1.563 
   1    1    2  1    -0.0474    -0.0525    -0.0508  -1.6388e-003      1.559 
 272   62   66  4    -0.2477    -0.2537    -0.2490  -4.7573e-003      1.500 
 121   68   81  1    +0.1088    +0.1107    +0.1105  +2.0768e-004      1.467 
  15    7   12  1    +0.2783    +0.2844    +0.2857  -1.2946e-003      1.426 
 295   77   80  4    -2.6899    -2.6578    -2.6820  +2.4204e-002      1.419 
 218   31   32  4    +0.1541    +0.1584    +0.1557  +2.7019e-003      1.417 
 122   81   80  1    +0.1086    +0.1053    +0.1050  +3.7040e-004      1.416 
 238   45   46  4    -0.0008    -0.0037    -0.0025  -1.1608e-003      1.395 
  75   54   55  1    +0.0234    +0.0264    +0.0239  +2.5368e-003      1.391 
 279   68   69  4    +3.1752    +3.1286    +3.1551  -2.6435e-002      1.382 
  27   20   21  1    -0.5298    -0.5335    -0.5315  -2.0111e-003      1.352 
  86   59   61  1    -0.3071    -0.3153    -0.3108  -4.4479e-003      1.327 
  97   62   67  1    -0.1236    -0.1185    -0.1169  -1.6047e-003      1.325 
 214   26   30  4    -1.3180    -1.3205    -1.3292  +8.6683e-003      1.324 
   6    6    7  1    +0.4103    +0.4120    +0.4132  -1.1425e-003      1.324 
 323   92  100  4    -0.2709    -0.2773    -0.2728  -4.4836e-003      1.322 
  25   19   20  1    -0.4028    -0.4100    -0.4081  -1.8618e-003      1.309 
  28   21   22  1    -0.6307    -0.6208    -0.6181  -2.7715e-003      1.299 
 333  100  104  4    +0.0618    +0.0621    +0.0643  -2.1581e-003      1.294 
 154   92  102  1    +0.5103    +0.5107    +0.5086  +2.1247e-003      1.286 
  85   59   60  1    -0.2495    -0.2552    -0.2516  -3.6076e-003      1.284 
 300   82   83  4    +0.2336    +0.2319    +0.2328  -8.8427e-004      1.283 
 206   23   24  4    +0.2891    +0.2950    +0.2944  +6.0779e-004      1.275 
 155  101  102  1    -0.4668    -0.4795    -0.4756  -3.8357e-003      1.274 
 153  100  101  1    -0.3119    -0.3095    -0.3071  -2.3964e-003      1.274 
 288   69   75  4    +0.0863    +0.0909    +0.0890  +1.8809e-003      1.268 
   5    5    6  1    +0.7225    +0.7121    +0.7179  -5.8001e-003      1.256 
 352   76  118  4    -0.0189    -0.0229    -0.0226  -2.8454e-004      1.254 
 184    8    5  4    -1.0839    -1.0873    -1.0822  -5.1576e-003      1.246 
 213    8   30  4    -0.3337    -0.3377    -0.3396  +1.9153e-003      1.245 
  99   66   67  1    +0.3194    +0.3247    +0.3218  +2.9494e-003      1.245 
 186    4   11  4    +0.1943    +0.1960    +0.1932  +2.8648e-003      1.236 
  94   64   65  1    -2.3134    -2.2909    -2.3054  +1.4494e-002      1.227 
 101   47   69  1    -0.6808    -0.6787    -0.6859  +7.1917e-003      1.213 
 208   26   25  4    -3.1662    -3.1878    -3.1717  -1.6110e-002      1.204 
  37    8   30  1    -0.6166    -0.6271    -0.6297  +2.5323e-003      1.193 
 351   75  118  4    +0.1072    +0.1110    +0.1106  +3.9916e-004      1.177 
  84   55   59  1    -0.1838    -0.1814    -0.1845  +3.0512e-003      1.175 
  81   51   58  1    +0.1164    +0.1134    +0.1123  +1.0974e-003      1.171 
  80   56   58  1    -0.0333    -0.0366    -0.0357  -9.1747e-004      1.171 
 239   46   47  4    +0.2080    +0.2027    +0.2052  -2.4362e-003      1.161 
 168   17  113  1    -0.8690    -0.8713    -0.8727  +1.3424e-003      1.147 
 345   32  113  4    -0.2418    -0.2473    -0.2440  -3.2590e-003      1.145 
 143   94   96  1    +0.4105    +0.4108    +0.4065  +4.2612e-003      1.137 
 278   49   69  4    +0.6867    +0.6776    +0.6844  -6.7799e-003      1.134 
  77   55   56  1    -0.0741    -0.0727    -0.0734  +6.1940e-004      1.128 
  62   45   46  1    -0.2340    -0.2274    -0.2297  +2.2736e-003      1.119 
 334  103  104  4    +0.0414    +0.0451    +0.0438  +1.3284e-003      1.114 
 241   47   49  4    -0.4485    -0.4421    -0.4393  -2.8512e-003      1.109 
 209   25   27  4    -0.1643    -0.1682    -0.1659  -2.3415e-003      1.099 
 251   54   55  4    +0.1222    +0.1178    +0.1203  -2.5019e-003      1.080 
 179    4    5  4    +2.2280    +2.1877    +2.1957  -8.0198e-003      1.076 
 319   94   96  4    +0.2003    +0.1978    +0.2004  -2.6709e-003      1.073 
 290   76   77  4    -0.4391    -0.4395    -0.4439  +4.3613e-003      1.072 
  76   54   56  1    +0.1029    +0.1066    +0.1070  -4.5831e-004      1.068 
 344   17  113  4    -0.5382    -0.5405    -0.5417  +1.1344e-003      1.067 
 149   95   96  1    +0.2329    +0.2276    +0.2291  -1.4734e-003      1.065 
 140   94   95  1    +0.5244    +0.5185    +0.5214  -2.9032e-003      1.061 
 195   14   15  4    +0.1083    +0.1051    +0.1072  -2.0906e-003      1.059 
  29   22   23  1    -0.7062    -0.7163    -0.7116  -4.6949e-003      1.058 
 302   83   85  4    +0.1199    +0.1218    +0.1238  -1.9595e-003      1.034 
 307   85   89  4    -0.2146    -0.2140    -0.2169  +2.8315e-003      1.027 
 193   12   14  4    +0.0956    +0.0978    +0.0985  -7.0778e-004      1.010 
 328   99  100  4    -0.3719    -0.3753    -0.3735  -1.7721e-003      1.008 
 262   59   61  4    +0.7280    +0.7238    +0.7299  -6.1556e-003      1.006 
 116   75   77  1    -0.0289    -0.0233    -0.0247  +1.3441e-003      0.988 
 322   80   99  4    -0.2012    -0.2044    -0.2021  -2.3909e-003      0.983 
 243   45   49  4    +0.0007    +0.0021    +0.0009  +1.1484e-003      0.974 
 347   27  115  4    +0.0081    +0.0061    +0.0071  -9.9407e-004      0.973 
  70   49   51  1    +0.4365    +0.4406    +0.4369  +3.7119e-003      0.966 
 348  114  115  4    +0.0202    +0.0180    +0.0178  +1.5196e-004      0.965 
  31   23   25  1    -0.7325    -0.7259    -0.7228  -3.0464e-003      0.965 
 346   32  114  4    +0.0228    +0.0199    +0.0190  +9.0444e-004      0.962 
 164  103  110  1    +0.0714    +0.0701    +0.0692  +9.1139e-004      0.945 
  18   13   15  1    -0.6887    -0.6913    -0.6861  -5.2039e-003      0.944 
  33   25   27  1    +0.5966    +0.5862    +0.5902  -3.9837e-003      0.932 
 287   70   75  4    -0.0668    -0.0637    -0.0653  +1.5947e-003      0.923 
 190    3   12  4    -0.1384    -0.1383    -0.1405  +2.1233e-003      0.909 
 219   27   32  4    -0.0518    -0.0505    -0.0492  -1.3270e-003      0.899 
 180    3    5  4    -0.1011    -0.1016    -0.1029  +1.3036e-003      0.880 
 108   71   72  1    -0.2823    -0.2843    -0.2863  +2.0422e-003      0.866 
 169   32  113  1    +0.6419    +0.6327    +0.6369  -4.2346e-003      0.865 
  63   46   47  1    -0.1523    -0.1522    -0.1538  +1.5867e-003      0.863 
 106   70   71  1    -0.5360    -0.5276    -0.5284  +7.9728e-004      0.862 
 107   24   72  1    +0.1089    +0.1054    +0.1062  -8.3872e-004      0.860 
 197   15   17  4    +0.0740    +0.0702    +0.0693  +9.0085e-004      0.854 
 311   89   92  4    -0.1611    -0.1666    -0.1673  +6.9011e-004      0.850 
 159  100  106  1    +0.1240    +0.1203    +0.1217  -1.3737e-003      0.849 
   8    8    5  1    +2.4172    +2.3855    +2.3938  -8.2592e-003      0.830 
 237   44   45  4    +0.0098    +0.0088    +0.0090  -2.4911e-004      0.820 
 252   54   56  4    +0.7723    +0.7601    +0.7580  +2.0869e-003      0.817 
 235   43   44  4    -0.1161    -0.1192    -0.1179  -1.3608e-003      0.814 
  67   45   49  1    -0.1713    -0.1739    -0.1721  -1.7858e-003      0.802 
 236   34   43  4    -0.1082    -0.1071    -0.1063  -8.2688e-004      0.797 
  95   49   66  1    -1.1666    -1.1714    -1.1667  -4.6907e-003      0.793 
 150   96   97  1    +0.2964    +0.3028    +0.3009  +1.8707e-003      0.790 
 250   49   54  4    -0.3790    -0.3733    -0.3761  +2.8974e-003      0.764 
 242   42   49  4    -0.4669    -0.4698    -0.4670  -2.7718e-003      0.757 
 144   80   97  1    -0.1912    -0.1942    -0.1930  -1.2163e-003      0.748 
 317   80   96  4    +0.0388    +0.0385    +0.0373  +1.2488e-003      0.733 
  71   51   52  1    +0.1952    +0.1905    +0.1913  -7.2339e-004      0.723 
 170   32  114  1    -0.1244    -0.1294    -0.1300  +6.7212e-004      0.709 
 160  105  107  1    -0.0101    -0.0116    -0.0121  +4.7120e-004      0.704 
 172  114  115  1    -0.1795    -0.1860    -0.1862  +1.4806e-004      0.700 
 299   77   82  4    -0.2270    -0.2246    -0.2232  -1.4016e-003      0.696 
  46   35   36  1    -0.0206    -0.0175    -0.0176  +1.3159e-004      0.687 
 127   84   85  1    -0.4600    -0.4655    -0.4668  +1.2428e-003      0.684 
 162  106  107  1    -0.0468    -0.0514    -0.0508  -5.9827e-004      0.682 
  45   19   34  1    +0.1588    +0.1554    +0.1570  -1.6453e-003      0.682 
  96   62   66  1    -0.2106    -0.2061    -0.2080  +1.8790e-003      0.678 
 125   83   84  1    -0.3745    -0.3672    -0.3690  +1.8558e-003      0.675 
  55   39   40  1    +0.1784    +0.1834    +0.1839  -5.4156e-004      0.670 
  52   37   39  1    +0.3721    +0.3692    +0.3710  -1.7723e-003      0.670 
 276   65   68  4    +0.9447    +0.9371    +0.9378  -7.0573e-004      0.670 
 320   80   97  4    +0.0682    +0.0668    +0.0660  +7.8896e-004      0.666 
 171   27  115  1    +0.3311    +0.3212    +0.3229  -1.6806e-003      0.660 
 207   23   25  4    -0.0789    -0.0773    -0.0769  -3.9817e-004      0.658 
  47   35   37  1    -0.2044    -0.2048    -0.2031  -1.7155e-003      0.655 
 221   19   34  4    -0.0338    -0.0365    -0.0376  +1.1245e-003      0.647 
  39   17   31  1    -0.8690    -0.8675    -0.8634  -4.0405e-003      0.642 
 126   83   85  1    -0.5914    -0.5933    -0.5901  -3.1193e-003      0.641 
 326   96   97  4    -0.0460    -0.0456    -0.0450  -6.3058e-004      0.641 
  53   37   40  1    +0.3129    +0.3167    +0.3146  +2.0924e-003      0.641 
  22   16   17  1    -0.4835    -0.4833    -0.4860  +2.6735e-003      0.633 
  65   47   49  1    +0.2940    +0.2862    +0.2852  +1.0017e-003      0.627 
 130   85   88  1    -0.3333    -0.3277    -0.3288  +1.1142e-003      0.598 
  16   11   13  1    +1.6889    +1.6939    +1.6898  +4.1877e-003      0.591 
 265   61   62  4    -0.2512    -0.2560    -0.2545  -1.4482e-003      0.590 
 142   82   96  1    +0.1654    +0.1584    +0.1589  -5.4181e-004      0.589 
  72   52   53  1    +0.0715    +0.0695    +0.0704  -8.2218e-004      0.574 
  73   53   54  1    -0.0859    -0.0841    -0.0834  -6.4029e-004      0.562 
  88   60   62  1    -0.0663    -0.0689    -0.0681  -8.1283e-004      0.557 
 258   54   59  4    +0.0520    +0.0485    +0.0496  -1.0319e-003      0.552 
 123   77   82  1    -0.2827    -0.2889    -0.2875  -1.3839e-003      0.546 
 132   88   89  1    -0.6639    -0.6691    -0.6708  +1.7230e-003      0.543 
 163  108  109  1    +0.0202    +0.0203    +0.0204  -6.2605e-005      0.538 
 229   37   40  4    +0.3703    +0.3724    +0.3743  -1.8572e-003      0.537 
 161  105  108  1    +0.0342    +0.0342    +0.0344  -1.6603e-004      0.529 
 232   40   41  4    -0.1982    -0.2063    -0.2060  -3.2938e-004      0.527 
 165  109  110  1    -0.0348    -0.0292    -0.0291  -1.7253e-004      0.527 
  12   11   12  1    -0.3325    -0.3393    -0.3390  -3.4187e-004      0.525 
 321   80   98  4    -0.2271    -0.2272    -0.2265  -7.2804e-004      0.519 
 100   65   68  1    -4.0870    -4.0780    -4.0724  -5.6435e-003      0.519 
 327   98  100  4    -0.2575    -0.2610    -0.2596  -1.3616e-003      0.507 
 332  100  103  4    +0.1024    +0.1039    +0.1042  -3.2592e-004      0.506 
  98   65   66  1    +1.6801    +1.6889    +1.6845  +4.3542e-003      0.503 
 234   41   42  4    -0.2600    -0.2635    -0.2624  -1.1242e-003      0.497 
  20   12   16  1    -0.3103    -0.3115    -0.3120  +5.4485e-004      0.494 
  43   27   32  1    +0.4412    +0.4406    +0.4388  +1.7530e-003      0.471 
 146   80   99  1    -0.3091    -0.3113    -0.3097  -1.5777e-003      0.462 
 286   70   74  4    +0.0076    +0.0103    +0.0108  -5.3234e-004      0.460 
 263   60   61  4    +0.6489    +0.6450    +0.6438  +1.1953e-003      0.448 
 264   60   62  4    -0.0137    -0.0176    -0.0171  -4.7032e-004      0.446 
  60   34   43  1    +0.1911    +0.1915    +0.1909  +6.7567e-004      0.438 
 104   69   70  1    +0.1837    +0.1850    +0.1843  +7.7977e-004      0.435 
 152   99  100  1    -0.1015    -0.1047    -0.1045  -2.1645e-004      0.423 
  34   27   28  1    +0.3299    +0.3336    +0.3346  -9.8174e-004      0.423 
 298   81   80  4    +0.7873    +0.7735    +0.7725  +9.5649e-004      0.418 
 289   74   75  4    -0.2446    -0.2503    -0.2497  -5.4317e-004      0.417 
  49   34   36  1    +0.1834    +0.1789    +0.1794  -5.3590e-004      0.417 
  59   43   44  1    +0.0664    +0.0669    +0.0665  +4.7743e-004      0.416 
  61   44   45  1    -0.0432    -0.0395    -0.0397  +1.3822e-004      0.396 
 187    5   11  4    -0.0500    -0.0470    -0.0475  +4.6579e-004      0.373 
 115   69   77  1    +0.5684    +0.5794    +0.5777  +1.6848e-003      0.371 
 313   92   93  4    -0.1478    -0.1493    -0.1488  -5.0893e-004      0.370 
  89   61   62  1    +0.1588    +0.1627    +0.1622  +5.8667e-004      0.357 
 266   63   59  4    -0.8254    -0.8392    -0.8378  -1.3643e-003      0.345 
 148   94  100  1    +0.0944    +0.0918    +0.0916  +1.9489e-004      0.338 
  38   26   30  1    +2.6638    +2.6351    +2.6409  -5.7847e-003      0.336 
 267   63   64  4    +0.8254    +0.8139    +0.8133  +6.2300e-004      0.333 
 240   46   48  4    -0.0536    -0.0520    -0.0515  -5.2906e-004      0.330 
 244   48   49  4    +0.1011    +0.0980    +0.0982  -1.8660e-004      0.329 
 254   56   57  4    +0.1231    +0.1191    +0.1194  -3.5378e-004      0.329 
 255   50   57  4    -0.1580    -0.1580    -0.1586  +5.9071e-004      0.321 
 297   68   81  4    -0.1049    -0.1059    -0.1060  +5.0707e-005      0.315 
 245   49   50  4    -0.1437    -0.1436    -0.1439  +2.9289e-004      0.313 
  50   34   37  1    -0.5704    -0.5772    -0.5776  +4.7759e-004      0.286 
 315   93   94  4    -0.2108    -0.2181    -0.2177  -4.7686e-004      0.286 
  35   28   29  1    +0.2121    +0.2067    +0.2072  -4.4793e-004      0.284 
 318   82   96  4    -0.3743    -0.3829    -0.3836  +7.0725e-004      0.282 
 131   85   89  1    -0.4607    -0.4618    -0.4607  -1.1575e-003      0.280 
 134   90   91  1    -0.0296    -0.0296    -0.0295  -9.6516e-005      0.264 
 316   94   95  4    +0.2989    +0.2989    +0.2994  -5.1050e-004      0.261 
  74   49   54  1    +0.5292    +0.5273    +0.5285  -1.1586e-003      0.248 
 269   38   65  4    -0.5814    -0.5882    -0.5891  +9.1063e-004      0.246 
 325   95   96  4    +0.0843    +0.0840    +0.0842  -2.2067e-004      0.232 
 220   15   33  4    +0.0412    +0.0394    +0.0391  +2.4335e-004      0.230 
 283   24   72  4    +0.9380    +0.9251    +0.9266  -1.4320e-003      0.222 
  69   49   50  1    +0.3510    +0.3566    +0.3570  -3.8673e-004      0.214 
 224   33   37  4    +0.0113    +0.0079    +0.0077  +2.0693e-004      0.212 
  79   50   57  1    +0.2318    +0.2240    +0.2244  -4.0951e-004      0.211 
 124   82   83  1    -0.8207    -0.8101    -0.8105  +3.8946e-004      0.211 
 145   80   98  1    -0.1129    -0.1165    -0.1166  +1.7336e-004      0.208 
 253   55   56  4    -0.1228    -0.1230    -0.1228  -1.1412e-004      0.201 
  30   23   24  1    -0.6294    -0.6279    -0.6277  -2.4242e-004      0.196 
  78   56   57  1    -0.1457    -0.1511    -0.1513  +1.9013e-004      0.191 
 314   92   94  4    -0.1724    -0.1765    -0.1760  -4.6760e-004      0.185 
 151   98  100  1    -0.3463    -0.3454    -0.3460  +5.9757e-004      0.176 
 271   49   66  4    +0.5377    +0.5314    +0.5310  +4.0350e-004      0.176 
 329  100  101  4    +0.3236    +0.3306    +0.3302  +4.1024e-004      0.165 
 284   71   72  4    +0.1026    +0.0999    +0.0998  +1.0684e-004      0.164 
  93   38   65  1    -0.3784    -0.3712    -0.3708  -3.2594e-004      0.163 
 105   24   70  1    +0.1669    +0.1684    +0.1680  +3.8428e-004      0.157 
  66   42   49  1    -0.2929    -0.2924    -0.2921  -2.9199e-004      0.125 
 261   59   60  4    +0.6833    +0.6864    +0.6856  +7.2365e-004      0.124 
  32   26   25  1    +0.3362    +0.3287    +0.3287  +3.6927e-005      0.124 
  87   60   61  1    -0.7311    -0.7472    -0.7476  +4.1322e-004      0.122 
 301   83   84  4    +0.1578    +0.1616    +0.1618  -2.5292e-004      0.120 
 135   89   92  1    +2.2717    +2.2507    +2.2493  +1.3868e-003      0.110 
 277   47   69  4    +0.6844    +0.6851    +0.6845  +5.4711e-004      0.093 
 136   91   92  1    +0.4024    +0.3946    +0.3948  -2.5475e-004      0.091 
 303   84   85  4    +0.1136    +0.1126    +0.1126  -6.6232e-005      0.085 
 331  101  102  4    +0.2377    +0.2354    +0.2353  +1.2083e-004      0.078 
 133   89   90  1    +0.5916    +0.5935    +0.5933  +1.6620e-004      0.068 
  41   23   32  1    +0.5926    +0.5890    +0.5888  +2.2856e-004      0.064 
 282   70   71  4    +0.3184    +0.3295    +0.3295  +1.9721e-005      0.055 
  40   29   31  1    +0.0471    +0.0445    +0.0445  +1.3057e-005      0.054 
 228   37   39  4    +0.4244    +0.4335    +0.4336  -1.2956e-004      0.046 
 280   69   70  4    +0.1646    +0.1656    +0.1656  +7.9033e-005      0.039 
 233   40   42  4    -0.2519    -0.2555    -0.2556  +1.0804e-004      0.038 
  42   31   32  1    -0.1480    -0.1484    -0.1483  -4.8064e-005      0.036 
 256   56   58  4    +0.1073    +0.1053    +0.1053  +2.5157e-005      0.021 
 102   49   69  1    -0.6360    -0.6390    -0.6390  +8.4857e-005      0.015 
 231   39   40  4    +0.3453    +0.3405    +0.3405  -1.5849e-005      0.013 
 330   92  102  4    -0.2228    -0.2249    -0.2249  +8.7097e-006      0.011 
  68   48   49  1    -0.1117    -0.1114    -0.1114  -6.4636e-006      0.011 
  64   46   48  1    +0.0254    +0.0214    +0.0214  +3.9073e-006      0.003 
 257   51   58  4    -0.1328    -0.1323    -0.1323  -2.1092e-006      0.002 
 350   12  117  4    +0.0160    +0.0129    +0.0129  +5.2200e-010      0.000 
 349   68  116  4    -1.6648    -1.6704    -1.6704  -9.1672e-009      0.000 
 343  110  112  4    -0.3490    -0.3568    -0.3568  -3.8945e-011      0.000 
 342  110  111  4    -0.1668    -0.1687    -0.1687  -1.7829e-009      0.000 
 305   86   87  4    -0.2203    -0.2182    -0.2182  -1.8280e-009      0.000 
 304   85   86  4    -0.1646    -0.1726    -0.1726  -6.2375e-010      0.000 
 285   71   73  4    +0.2065    +0.2017    +0.2017  +1.2247e-008      0.000 
 185    9   10  4    -0.7457    -0.7419    -0.7419  -4.0371e-009      0.000 
 183    8    9  4    -2.0135    -2.0353    -2.0353  -1.2355e-008      0.000 
 174   12  117  1    +0.1376    +0.1320    +0.1320  -9.7547e-010      0.000 
 173   68  116  1    -1.2418    -1.2581    -1.2581  -3.6643e-010      0.000 
 167  110  112  1    +0.0672    +0.0624    +0.0624  -2.9153e-009      0.000 
 166  110  111  1    -0.2979    -0.3051    -0.3051  +3.1755e-009      0.000 
 129   86   87  1    -0.4927    -0.4969    -0.4969  +4.1989e-009      0.000 
 128   85   86  1    -0.3439    -0.3424    -0.3424  -4.8585e-009      0.000 
 109   71   73  1    -0.2578    -0.2624    -0.2624  -4.9679e-008      0.000 
   9    9   10  1    -0.9979    -1.0079    -1.0079  +9.4043e-009      0.000 
   7    8    9  1    -0.9916    -1.0090    -1.0090  +4.6441e-009      0.000 
----------------------------------------------------------------------------------
Possível erro grosseiro no medidor 26!
Medida crítica    7!
Medida crítica    9!
Medida crítica  109!
Medida crítica  128!
Medida crítica  129!
Medida crítica  166!
Medida crítica  167!
Medida crítica  173!
Medida crítica  174!
Medida crítica  183!
Medida crítica  185!
Medida crítica  285!
Medida crítica  304!
Medida crítica  305!
Medida crítica  342!
Medida crítica  343!
Medida crítica  349!
Medida crítica  350!
Possíveis conjuntos críticos:
Conjunto 1: 40 282
Conjunto 2: 32 261
Conjunto 3: 261 66
Conjunto 4: 93 284
Conjunto 5: 284 329
Conjunto 6: 271 151
Conjunto 7: 124 79 224
Conjunto 8: 79 224
Conjunto 9: 224 69
Conjunto 10: 220 325
Conjunto 11: 269 74
Conjunto 12: 131 318
Conjunto 13: 318 35
Conjunto 14: 35 315 50
Conjunto 15: 315 50
Conjunto 16: 245 297
Conjunto 17: 254 244 240
Conjunto 18: 244 240 267
Conjunto 19: 240 267
Conjunto 20: 267 38
Conjunto 21: 38 148
Conjunto 22: 313 115 187
Conjunto 23: 115 187
Conjunto 24: 59 49 289 298
Conjunto 25: 49 289 298
Conjunto 26: 289 298
Conjunto 27: 34 152
Conjunto 28: 104 60
Conjunto 29: 264 263
Conjunto 30: 286 146
Conjunto 31: 20 234
Conjunto 32: 98 332 327
Conjunto 33: 332 327
Conjunto 34: 100 321
Conjunto 35: 12 165 232 161
Conjunto 36: 165 232 161
Conjunto 37: 232 161
Conjunto 38: 229 163 132
Conjunto 39: 163 132
Conjunto 40: 132 123
Conjunto 41: 258 88
Conjunto 42: 88 73
Conjunto 43: 142 265 16
Conjunto 44: 265 16
Conjunto 45: 65 22
Conjunto 46: 53 326 126 39
Conjunto 47: 326 126 39 221
Conjunto 48: 126 39 221
Conjunto 49: 39 221
Conjunto 50: 47 207 171
Conjunto 51: 207 171
Conjunto 52: 171 320
Conjunto 53: 320 276 52 55
Conjunto 54: 276 52 55 125
Conjunto 55: 52 55 125
Conjunto 56: 55 125
Conjunto 57: 125 96
Conjunto 58: 96 45 162 127
Conjunto 59: 45 162 127 46
Conjunto 60: 162 127 46
Conjunto 61: 127 46
Conjunto 62: 299 172
Conjunto 63: 172 160
Conjunto 64: 160 170
Conjunto 65: 242 250
Conjunto 66: 150 95 236
Conjunto 67: 95 236
Conjunto 68: 236 67
Conjunto 69: 235 252 237
Conjunto 70: 252 237
Conjunto 71: 159 311 197
Conjunto 72: 311 197
Conjunto 73: 197 107 106
Conjunto 74: 107 106 63 169 108
Conjunto 75: 106 63 169 108
Conjunto 76: 63 169 108
Conjunto 77: 169 108
Conjunto 78: 287 33
Conjunto 79: 18 164
Conjunto 80: 346 31 348 70
Conjunto 81: 31 348 70 347 243
Conjunto 82: 348 70 347 243
Conjunto 83: 70 347 243
Conjunto 84: 347 243
Conjunto 85: 243 322
Conjunto 86: 322 116
Conjunto 87: 262 328 193
Conjunto 88: 328 193
Conjunto 89: 307 302
Conjunto 90: 29 195 140 149 344 76
Conjunto 91: 195 140 149 344 76
Conjunto 92: 140 149 344 76 290
Conjunto 93: 149 344 76 290 319 179
Conjunto 94: 344 76 290 319 179
Conjunto 95: 76 290 319 179
Conjunto 96: 290 319 179 251
Conjunto 97: 319 179 251
Conjunto 98: 179 251
Conjunto 99: 209 241
Conjunto 100: 241 334 62
Conjunto 101: 334 62
Conjunto 102: 62 77
Conjunto 103: 77 278 143
Conjunto 104: 278 143
Conjunto 105: 143 345 168
Conjunto 106: 345 168
Conjunto 107: 239 80 81
Conjunto 108: 80 81 84 351
Conjunto 109: 81 84 351
Conjunto 110: 84 351
Conjunto 111: 37 208
Conjunto 112: 208 101
Conjunto 113: 94 186
Conjunto 114: 186 99 213 184
Conjunto 115: 99 213 184 352 5
Conjunto 116: 213 184 352 5
Conjunto 117: 184 352 5
Conjunto 118: 352 5
Conjunto 119: 5 288
Conjunto 120: 288 153 155 206
Conjunto 121: 153 155 206 300 85 154
Conjunto 122: 155 206 300 85 154
Conjunto 123: 206 300 85 154
Conjunto 124: 300 85 154 333
Conjunto 125: 85 154 333
Conjunto 126: 154 333
Conjunto 127: 333 28
Conjunto 128: 28 25
Conjunto 129: 25 323
Conjunto 130: 323 6 214 97 86
Conjunto 131: 6 214 97 86
Conjunto 132: 214 97 86
Conjunto 133: 97 86
Conjunto 134: 279 75 238
Conjunto 135: 75 238
Conjunto 136: 122 218 295 15
Conjunto 137: 218 295 15
Conjunto 138: 295 15
Conjunto 139: 1 83 2
Conjunto 140: 83 2
Conjunto 141: 2 13
Conjunto 142: 56 137 198 58 139
Conjunto 143: 137 198 58 139
Conjunto 144: 198 58 139 57
Conjunto 145: 58 139 57
Conjunto 146: 139 57
Conjunto 147: 246 11
Conjunto 148: 118 4 120
Conjunto 149: 4 120
Conjunto 150: 120 227 217 177
Conjunto 151: 227 217 177 247 178
Conjunto 152: 217 177 247 178
Conjunto 153: 177 247 178
Conjunto 154: 247 178 189 308
Conjunto 155: 178 189 308
Conjunto 156: 189 308 110 268
Conjunto 157: 308 110 268 230
Conjunto 158: 110 268 230 281 306
Conjunto 159: 268 230 281 306
Conjunto 160: 230 281 306 147 248
Conjunto 161: 281 306 147 248 117
Conjunto 162: 306 147 248 117 113
Conjunto 163: 147 248 117 113 226
Conjunto 164: 248 117 113 226 249
Conjunto 165: 117 113 226 249
Conjunto 166: 113 226 249
Conjunto 167: 226 249
Conjunto 168: 324 51 202 17
Conjunto 169: 51 202 17
Conjunto 170: 202 17 309
Conjunto 171: 17 309 310 312
Conjunto 172: 309 310 312
Conjunto 173: 310 312 19
Conjunto 174: 312 19
Conjunto 175: 19 92
Conjunto 176: 215 191
Conjunto 177: 191 192
Conjunto 178: 192 111 194
Conjunto 179: 111 194 103 182
Conjunto 180: 194 103 182
Conjunto 181: 103 182
Conjunto 182: 260 82
Conjunto 183: 119 223 222
Conjunto 184: 223 222 270
Conjunto 185: 222 270 112
Conjunto 186: 270 112
Conjunto 187: 275 205
Conjunto 188: 205 114
Conjunto 189: 114 157
Conjunto 190: 157 176
Conjunto 191: 176 175 36
Conjunto 192: 175 36 204
Conjunto 193: 36 204
Conjunto 194: 158 10 138 203 14 156 292
Conjunto 195: 10 138 203 14 156 292
Conjunto 196: 138 203 14 156 292
Conjunto 197: 203 14 156 292
Conjunto 198: 14 156 292
Conjunto 199: 156 292 201
Conjunto 200: 292 201
Conjunto 201: 201 54 3
Conjunto 202: 54 3
Conjunto 203: 210 293 274 211
Conjunto 204: 293 274 211 216
Conjunto 205: 274 211 216
Conjunto 206: 211 216 188 291
Conjunto 207: 216 188 291
Conjunto 208: 188 291 340
Conjunto 209: 291 340
Conjunto 210: 335 296 336 294 338
Conjunto 211: 296 336 294 338
Conjunto 212: 336 294 338
Conjunto 213: 294 338
Conjunto 214: 341 339 337 212
Conjunto 215: 339 337 212
Conjunto 216: 337 212
Conjunto 217: 199 44 48
Conjunto 218: 44 48
Conjunto 219: 23 24
Medidas com alta correlação: 165 e 161 
Medidas com alta correlação: 165 e 161 
Medidas com alta correlação: 213 e 184 
Medidas com alta correlação: 213 e 184 
Medidas com alta correlação: 213 e 184 
Medidas com alta correlação: 153 e 155 
Medidas com alta correlação: 153 e 155 
