================================================================================= 
=== UFF - Doutorado em Computação - Aplicaçoes em Sistemas de Potencia        === 
=== ESTIMADOR DE ESTADO MÍNIMOS QUADRADOS PONDERADOS INCLUINDO MEDIDAS DE PMU === 
=== Desenvolvido por: Rui Menezes de Moraes - 2009                            === 
================================================================================= 
Arquivo de medidores:          .\med\S1_CS5_352M_EGS1.med
Arquivo do sistema:            .\sist\ieee118_SP_JML.cdf
Tolerância entre iteraçoes:    1.00e-005
Limite de iteraçoes:           100

--- DADOS DA REDE --------------------------------------------------------------- 
Data do caso:                  08/25/93
Origem:                        UW ARCHIVE          
MVA base:                      100
Ano:                           1961
Estação:                       W
Identificação:                 IEEE 118 Bus Test Case
Número de barras:              118 
Número de ramos:               179 
Referência na barra:           69

--- TELEMEDIDAS ------------------------------------------------------------------
    Tipo 1 = Fluxo de potencia ativa        Tipo  6 = Módulo da tensão            
    Tipo 2 = Injeção de potencia ativa      Tipo  7 = Corrente de ramo (real)     
    Tipo 3 = Ângulo de fase da tensão       Tipo  8 = Corrente de ramo (imag)     
    Tipo 4 = Fluxo de potencia reativa      Tipo  9 = Injeção de corrente (real)  
    Tipo 5 = Injeção de potencia reativa    Tipo 10 = Injeção de corrente (imag)  
----------------------------------------------------------------------------------
   N    D    P TP  PN ST   Exa   FS       DP      V_Ref      V_Med          E(%) 
----------------------------------------------------------------------------------
   1    1    2  1   0  0 0.020 01.0  0.00205   -0.04743   -0.05246    +10.605102 
   2    1    3  1   0  0 0.020 01.0  0.00374   -0.30057   -0.29426     -2.099345 
   3    4    5  1   0  0 0.020 01.0  0.00307   -0.19976   -0.20808     +4.164998 
   4    3    5  1   0  0 0.020 01.0  0.00539   -0.54870   -0.56029     +2.112265 
   5    5    6  1   0  0 0.020 01.0  0.00655   +0.72249   +0.71212     -1.435314 
   6    6    7  1   0  0 0.020 01.0  0.00447   +0.41029   +0.41201     +0.419216 
   7    8    9  1   0  0 0.020 01.0  0.00834   -0.99161   -1.00900     +1.753714 
   8    8    5  1   0  0 0.020 01.0  0.01785   +2.41719   +2.38552     -1.310199 
   9    9   10  1   0  0 0.020 01.0  0.00839   -0.99787   -1.00794     +1.009149 
  10    4   11  1   0  0 0.020 01.0  0.00795   +0.93276   +0.91535     -1.866504 
  11    5   11  1   0  0 0.020 01.0  0.00795   +0.93236   +0.94753     +1.627054 
  12   11   12  1   0  0 0.020 01.0  0.00395   -0.33254   -0.33933     +2.041860 
  13    2   12  1   0  0 0.020 01.0  0.00297   -0.18506   -0.18333     -0.934832 
  14    3   12  1   0  0 0.020 01.0  0.00186   -0.01927   -0.01757     -8.822003 
  15    7   12  1   0  0 0.020 01.0  0.00359   +0.27834   +0.28441     +2.180786 
  16   11   13  1   0  0 0.020 01.0  0.01299   +1.68886   +1.69394     +0.300795 
  17   12   14  1   0  0 0.020 01.0  0.00249   -0.11291   -0.11370     +0.699672 
  18   13   15  1   0  0 0.020 01.0  0.00632   -0.68869   -0.69133     +0.383336 
  19   14   15  1   0  0 0.020 01.0  0.00313   -0.20936   -0.20969     +0.157623 
  20   12   16  1   0  0 0.020 01.0  0.00380   -0.31032   -0.35594    +14.700954 
  21   15   17  1   0  0 0.020 01.0  0.01090   -1.37497   -1.37528     +0.022546 
  22   16   17  1   0  0 0.020 01.0  0.00496   -0.48353   -0.48330     -0.047567 
  23   17   18  1   0  0 0.020 01.0  0.00623   +0.67422   +0.67490     +0.100857 
  24   18   19  1   0  0 0.020 01.0  0.00380   +0.30938   +0.30566     -1.202405 
  25   19   20  1   0  0 0.020 01.0  0.00442   -0.40278   -0.40998     +1.787576 
  26   15   19  1   0  0 0.020 01.0  0.00369   -0.29413   -0.28320     -3.716044 
  27   20   21  1   0  0 0.020 01.0  0.00526   -0.52982   -0.53350     +0.694576 
  28   21   22  1   0  0 0.020 01.0  0.00594   -0.63067   -0.62084     -1.558660 
  29   22   23  1   0  0 0.020 01.0  0.00644   -0.70622   -0.71631     +1.428733 
  30   23   24  1   0  0 0.020 01.0  0.00593   -0.62945   -0.62790     -0.246247 
  31   23   25  1   0  0 0.020 01.0  0.00662   -0.73245   -0.72589     -0.895624 
  32   26   25  1   0  0 0.020 01.0  0.00398   +0.33620   +0.32870     -2.230815 
  33   25   27  1   0  0 0.020 01.0  0.00571   +0.59664   +0.58622     -1.746447 
  34   27   28  1   0  0 0.020 01.0  0.00393   +0.32992   +0.33362     +1.121484 
  35   28   29  1   0  0 0.020 01.0  0.00315   +0.21213   +0.20673     -2.545609 
  36   30   17  1   0  0 0.020 01.0  0.00774   +0.90165   +0.90396     +0.256197 
  37    8   30  1   0  0 0.020 01.0  0.00584   -0.61657   -0.62712     +1.711079 
  38   26   30  1   0  0 0.020 01.0  0.01949   +2.66380   +2.63512     -1.076657 
  39   17   31  1   0  0 0.020 01.0  0.00753   -0.86903   -0.86747     -0.179510 
  40   29   31  1   0  0 0.020 01.0  0.00205   +0.04708   +0.04447     -5.543755 
  41   23   32  1   0  0 0.020 01.0  0.00568   +0.59257   +0.58904     -0.595710 
  42   31   32  1   0  0 0.020 01.0  0.00272   -0.14800   -0.14836     +0.243243 
  43   27   32  1   0  0 0.020 01.0  0.00467   +0.44117   +0.44060     -0.129202 
  44   15   33  1   0  0 0.020 01.0  0.00285   +0.16832   +0.17679     +5.032082 
  45   19   34  1   0  0 0.020 01.0  0.00279   +0.15875   +0.15538     -2.122835 
  46   35   36  1   0  0 0.020 01.0  0.00187   -0.02061   -0.01749    -15.138282 
  47   35   37  1   0  0 0.020 01.0  0.00310   -0.20439   -0.20479     +0.195704 
  48   33   37  1   0  0 0.020 01.0  0.00180   +0.01025   +0.01180    +15.121951 
  49   34   36  1   0  0 0.020 01.0  0.00296   +0.18338   +0.17891     -2.437561 
  50   34   37  1   0  0 0.020 01.0  0.00554   -0.57038   -0.57717     +1.190434 
  51   38   37  1   0  0 0.020 01.0  0.01141   +1.45150   +1.45300     +0.103341 
  52   37   39  1   0  0 0.020 01.0  0.00421   +0.37213   +0.36918     -0.792734 
  53   37   40  1   0  0 0.020 01.0  0.00382   +0.31291   +0.31669     +1.208015 
  54   30   38  1   0  0 0.020 01.0  0.00892   +1.07800   +1.07962     +0.150278 
  55   39   40  1   0  0 0.020 01.0  0.00292   +0.17839   +0.18339     +2.802848 
  56   40   41  1   0  0 0.020 01.0  0.00343   +0.25395   +0.24828     -2.232723 
  57   40   42  1   0  0 0.020 01.0  0.00220   +0.06972   +0.07159     +2.682157 
  58   41   42  1   0  0 0.020 01.0  0.00174   -0.00063   -0.00234   +271.428571 
  59   43   44  1   0  0 0.020 01.0  0.00218   +0.06643   +0.06695     +0.782779 
  60   34   43  1   0  0 0.020 01.0  0.00301   +0.19107   +0.19153     +0.240749 
  61   44   45  1   0  0 0.020 01.0  0.00202   -0.04318   -0.03953     -8.452987 
  62   45   46  1   0  0 0.020 01.0  0.00329   -0.23397   -0.22743     -2.795230 
  63   46   47  1   0  0 0.020 01.0  0.00275   -0.15231   -0.15220     -0.072221 
  64   46   48  1   0  0 0.020 01.0  0.00190   +0.02542   +0.02139    -15.853659 
  65   47   49  1   0  0 0.020 01.0  0.00369   +0.29401   +0.28620     -2.656372 
  66   42   49  1   0  0 0.020 01.0  0.00369   -0.29294   -0.29240     -0.184338 
  67   45   49  1   0  0 0.020 01.0  0.00288   -0.17127   -0.17388     +1.523910 
  68   48   49  1   0  0 0.020 01.0  0.00248   -0.11165   -0.11137     -0.250784 
  69   49   50  1   0  0 0.020 01.0  0.00407   +0.35103   +0.35662     +1.592456 
  70   49   51  1   0  0 0.020 01.0  0.00464   +0.43652   +0.44062     +0.939247 
  71   51   52  1   0  0 0.020 01.0  0.00303   +0.19523   +0.19053     -2.407417 
  72   52   53  1   0  0 0.020 01.0  0.00221   +0.07149   +0.06954     -2.727654 
  73   53   54  1   0  0 0.020 01.0  0.00231   -0.08587   -0.08407     -2.096192 
  74   49   54  1   0  0 0.020 01.0  0.00526   +0.52916   +0.52734     -0.343941 
  75   54   55  1   0  0 0.020 01.0  0.00189   +0.02339   +0.02643    +12.997007 
  76   54   56  1   0  0 0.020 01.0  0.00242   +0.10285   +0.10657     +3.616918 
  77   55   56  1   0  0 0.020 01.0  0.00223   -0.07406   -0.07274     -1.782339 
  78   56   57  1   0  0 0.020 01.0  0.00270   -0.14566   -0.15108     +3.720994 
  79   50   57  1   0  0 0.020 01.0  0.00328   +0.23179   +0.22395     -3.382372 
  80   56   58  1   0  0 0.020 01.0  0.00196   -0.03331   -0.03663     +9.966977 
  81   51   58  1   0  0 0.020 01.0  0.00251   +0.11639   +0.11344     -2.534582 
  82   54   59  1   0  0 0.020 01.0  0.00285   -0.16795   -0.17418     +3.709437 
  83   56   59  1   0  0 0.020 01.0  0.00371   -0.29572   -0.29285     -0.970513 
  84   55   59  1   0  0 0.020 01.0  0.00296   -0.18381   -0.18141     -1.305696 
  85   59   60  1   0  0 0.020 01.0  0.00340   -0.24947   -0.25520     +2.296869 
  86   59   61  1   0  0 0.020 01.0  0.00378   -0.30715   -0.31528     +2.646915 
  87   60   61  1   0  0 0.020 01.0  0.00661   -0.73114   -0.74722     +2.199305 
  88   60   62  1   0  0 0.020 01.0  0.00217   -0.06628   -0.06889     +3.937839 
  89   61   62  1   0  0 0.020 01.0  0.00279   +0.15882   +0.16274     +2.468203 
  90   63   59  1   0  0 0.020 01.0  0.01234   +1.59036   +1.56980     -1.292789 
  91   63   64  1   0  0 0.020 01.0  0.01234   -1.59036   -1.57602     -0.901683 
  92   64   61  1   0  0 0.020 01.0  0.00652   +0.71781   +0.70747     -1.440493 
  93   38   65  1   0  0 0.020 01.0  0.00426   -0.37841   -0.37116     -1.915911 
  94   64   65  1   0  0 0.020 01.0  0.01716   -2.31343   -2.29094     -0.972150 
  95   49   66  1   0  0 0.020 01.0  0.00951   -1.16662   -1.17144     +0.413159 
  96   62   66  1   0  0 0.020 01.0  0.00314   -0.21060   -0.20610     -2.136752 
  97   62   67  1   0  0 0.020 01.0  0.00256   -0.12362   -0.11852     -4.125546 
  98   65   66  1   0  0 0.020 01.0  0.01293   +1.68006   +1.68890     +0.526172 
  99   66   67  1   0  0 0.020 01.0  0.00386   +0.31940   +0.32474     +1.671885 
 100   65   68  1   0  0 0.020 01.0  0.02898   -4.08705   -4.07803     -0.220697 
 101   47   69  1   0  0 0.020 01.0  0.00627   -0.68076   -0.67871     -0.301134 
 102   49   69  1   0  0 0.020 01.0  0.00597   -0.63603   -0.63896     +0.460670 
 103   68   69  1   0  0 0.020 01.0  0.02158   -2.97636   -3.03946     +2.120039 
 104   69   70  1   0  0 0.020 01.0  0.00296   +0.18371   +0.18503     +0.718524 
 105   24   70  1   0  0 0.020 01.0  0.00285   +0.16693   +0.16836     +0.856646 
 106   70   71  1   0  0 0.020 01.0  0.00531   -0.53596   -0.52757     -1.565415 
 107   24   72  1   0  0 0.020 01.0  0.00246   +0.10892   +0.10537     -3.259273 
 108   71   72  1   0  0 0.020 01.0  0.00362   -0.28225   -0.28430     +0.726306 
 109   71   73  1   0  0 0.020 01.0  0.00345   -0.25783   -0.26244     +1.788000 
 110   70   74  1   0  0 0.020 01.0  0.00368   +0.29222   +0.28563     -2.255150 
 111   70   75  1   0  0 0.020 01.0  0.00333   +0.24025   +0.24598     +2.385016 
 112   69   75  1   0  0 0.020 01.0  0.00501   +0.49100   +0.48175     -1.883910 
 113   74   75  1   0  0 0.020 01.0  0.00258   -0.12690   -0.12503     -1.473601 
 114   76   77  1   0  0 0.020 01.0  0.00284   -0.16658   -0.16667     +0.054028 
 115   69   77  1   0  0 0.020 01.0  0.00552   +0.56839   +0.57937     +1.931772 
 116   75   77  1   0  0 0.020 01.0  0.00193   -0.02885   -0.02335    -19.064125 
 117   77   78  1   0  0 0.020 01.0  0.00751   +0.86676   +0.85049     -1.877106 
 118   78   79  1   0  0 0.020 01.0  0.00426   +0.37848   +0.38148     +0.792644 
 119   77   80  1   0  0 0.020 01.0  0.00410   -0.35546   -0.36115     +1.600743 
 120   79   80  1   0  0 0.020 01.0  0.00246   +0.10943   +0.10300     -5.875902 
 121   68   81  1   0  0 0.020 01.0  0.00246   +0.10880   +0.11073     +1.773897 
 122   81   80  1   0  0 0.020 01.0  0.00246   +0.10859   +0.10533     -3.002118 
 123   77   82  1   0  0 0.020 01.0  0.00362   -0.28268   -0.28887     +2.189755 
 124   82   83  1   0  0 0.020 01.0  0.00720   -0.82067   -0.81013     -1.284316 
 125   83   84  1   0  0 0.020 01.0  0.00423   -0.37450   -0.36718     -1.954606 
 126   83   85  1   0  0 0.020 01.0  0.00568   -0.59138   -0.59326     +0.317901 
 127   84   85  1   0  0 0.020 01.0  0.00480   -0.46001   -0.46554     +1.202148 
 128   85   86  1   0  0 0.020 01.0  0.00403   -0.34390   -0.34236     -0.447805 
 129   86   87  1   0  0 0.020 01.0  0.00502   -0.49270   -0.49685     +0.842298 
 130   85   88  1   0  0 0.020 01.0  0.00396   -0.33329   -0.32769     -1.680218 
 131   85   89  1   0  0 0.020 01.0  0.00480   -0.46067   -0.46181     +0.247466 
 132   88   89  1   0  0 0.020 01.0  0.00616   -0.66389   -0.66910     +0.784769 
 133   89   90  1   0  0 0.020 01.0  0.00568   +0.59164   +0.59347     +0.309310 
 134   90   91  1   0  0 0.020 01.0  0.00193   -0.02958   -0.02963     +0.169033 
 135   89   92  1   0  0 0.020 01.0  0.01688   +2.27174   +2.25067     -0.927483 
 136   91   92  1   0  0 0.020 01.0  0.00442   +0.40240   +0.39456     -1.948310 
 137   92   93  1   0  0 0.020 01.0  0.00638   +0.69689   +0.70176     +0.698819 
 138   92   94  1   0  0 0.020 01.0  0.00613   +0.65949   +0.67769     +2.759708 
 139   93   94  1   0  0 0.020 01.0  0.00575   +0.60307   +0.59098     -2.004742 
 140   94   95  1   0  0 0.020 01.0  0.00523   +0.52439   +0.51849     -1.125117 
 141   80   96  1   0  0 0.020 01.0  0.00334   -0.24167   -0.23956     -0.873091 
 142   82   96  1   0  0 0.020 01.0  0.00284   +0.16540   +0.15836     -4.256348 
 143   94   96  1   0  0 0.020 01.0  0.00447   +0.41051   +0.41080     +0.070644 
 144   80   97  1   0  0 0.020 01.0  0.00301   -0.19117   -0.19422     +1.595439 
 145   80   98  1   0  0 0.020 01.0  0.00249   -0.11293   -0.11646     +3.125830 
 146   80   99  1   0  0 0.020 01.0  0.00379   -0.30906   -0.31132     +0.731250 
 147   92  100  1   0  0 0.020 01.0  0.00454   +0.42083   +0.41400     -1.622983 
 148   94  100  1   0  0 0.020 01.0  0.00236   +0.09442   +0.09184     -2.732472 
 149   95   96  1   0  0 0.020 01.0  0.00329   +0.23295   +0.22761     -2.292337 
 150   96   97  1   0  0 0.020 01.0  0.00371   +0.29641   +0.30276     +2.142303 
 151   98  100  1   0  0 0.020 01.0  0.00404   -0.34625   -0.34541     -0.242599 
 152   99  100  1   0  0 0.020 01.0  0.00241   -0.10152   -0.10469     +3.122537 
 153  100  101  1   0  0 0.020 01.0  0.00381   -0.31185   -0.30945     -0.769601 
 154   92  102  1   0  0 0.020 01.0  0.00513   +0.51028   +0.51074     +0.090147 
 155  101  102  1   0  0 0.020 01.0  0.00485   -0.46677   -0.47946     +2.718684 
 156  100  103  1   0  0 0.020 01.0  0.00292   +0.17774   +0.17968     +1.091482 
 157  100  104  1   0  0 0.020 01.0  0.00231   +0.08627   +0.08226     -4.648198 
 158  103  104  1   0  0 0.020 01.0  0.00212   +0.05837   +0.06260     +7.246873 
 159  100  106  1   0  0 0.020 01.0  0.00256   +0.12395   +0.12033     -2.920532 
 160  105  107  1   0  0 0.020 01.0  0.00180   -0.01007   -0.01159    +15.094340 
 161  105  108  1   0  0 0.020 01.0  0.00196   +0.03421   +0.03422     +0.029231 
 162  106  107  1   0  0 0.020 01.0  0.00204   -0.04679   -0.05138     +9.809788 
 163  108  109  1   0  0 0.020 01.0  0.00187   +0.02016   +0.02029     +0.644841 
 164  103  110  1   0  0 0.020 01.0  0.00221   +0.07136   +0.07013     -1.723655 
 165  109  110  1   0  0 0.020 01.0  0.00197   -0.03484   -0.02923    -16.102181 
 166  110  111  1   0  0 0.020 01.0  0.00372   -0.29788   -0.30511     +2.427152 
 167  110  112  1   0  0 0.020 01.0  0.00218   +0.06715   +0.06241     -7.058824 
 168   17  113  1   0  0 0.020 01.0  0.00753   -0.86903   -0.87131     +0.262361 
 169   32  113  1   0  0 0.020 01.0  0.00601   +0.64188   +0.63271     -1.428616 
 170   32  114  1   0  0 0.020 01.0  0.00256   -0.12436   -0.12937     +4.028627 
 171   27  115  1   0  0 0.020 01.0  0.00394   +0.33111   +0.32125     -2.977862 
 172  114  115  1   0  0 0.020 01.0  0.00293   -0.17954   -0.18604     +3.620363 
 173   68  116  1   0  0 0.020 01.0  0.01001   -1.24177   -1.25809     +1.314253 
 174   12  117  1   0  0 0.020 01.0  0.00265   +0.13757   +0.13196     -4.077924 
 175   75  118  1   0  0 0.020 01.0  0.00371   +0.29627   +0.28925     -2.369460 
 176   76  118  1   0  0 0.020 01.0  0.00219   -0.06842   -0.07156     +4.589301 
 177    1    2  4   0  0 0.020 01.0  0.00279   -0.15803   -0.16462     +4.170094 
 178    1    3  4   0  0 0.020 01.0  0.00293   -0.17890   -0.18319     +2.397988 
 179    4    5  4   0  0 0.020 01.0  0.01659   +2.22797   +2.18770     -1.807475 
 180    3    5  4   0  0 0.020 01.0  0.00241   -0.10106   -0.10163     +0.564021 
 181    5    6  4   0  0 0.020 01.0  0.00458   +0.42710   +0.41810     -2.107235 
 182    6    7  4   0  0 0.020 01.0  0.00542   -0.55337   -0.56096     +1.371596 
 183    8    9  4   0  0 0.020 01.0  0.01516   -2.01349   -2.03528     +1.082201 
 184    8    5  4   0  0 0.020 01.0  0.00896   -1.08392   -1.08734     +0.315521 
 185    9   10  4   0  0 0.020 01.0  0.00670   -0.74565   -0.74190     -0.502917 
 186    4   11  4   0  0 0.020 01.0  0.00303   +0.19426   +0.19604     +0.916298 
 187    5   11  4   0  0 0.020 01.0  0.00207   -0.04998   -0.04700     -5.962385 
 188   11   12  4   0  0 0.040 02.0  0.00441   -0.40139   -0.40252     +0.281522 
 189    2   12  4   0  0 0.020 01.0  0.00302   -0.19364   -0.20055     +3.568478 
 190    3   12  4   0  0 0.020 01.0  0.00266   -0.13839   -0.13833     -0.043356 
 191    7   12  4   0  0 0.020 01.0  0.00553   -0.57001   -0.57434     +0.759636 
 192   11   13  4   0  0 0.020 01.0  0.00391   +0.32706   +0.32507     -0.608451 
 193   12   14  4   0  0 0.020 01.0  0.00237   +0.09564   +0.09783     +2.289837 
 194   13   15  4   0  0 0.020 01.0  0.00206   +0.04944   +0.04456     -9.870550 
 195   14   15  4   0  0 0.020 01.0  0.00246   +0.10827   +0.10507     -2.955574 
 196   12   16  4   0  0 0.020 01.0  0.00271   +0.14702   +0.11446    -22.146647 
 197   15   17  4   0  0 0.020 01.0  0.00223   +0.07399   +0.07017     -5.162860 
 198   16   17  4   0  0 0.020 01.0  0.00237   +0.09514   +0.09964     +4.729872 
 199   17   18  4   0  0 0.020 01.0  0.00201   +0.04165   +0.04529     +8.739496 
 200   18   19  4   0  0 0.020 01.0  0.00239   +0.09835   +0.09573     -2.663955 
 201   19   20  4   0  0 0.020 01.0  0.00251   +0.11664   +0.12115     +3.866598 
 202   15   19  4   0  0 0.020 01.0  0.00285   +0.16692   +0.16898     +1.234124 
 203   20   21  4   0  0 0.020 01.0  0.00247   +0.11025   +0.11370     +3.129252 
 204   21   22  4   0  0 0.020 01.0  0.00211   +0.05683   +0.05628     -0.967799 
 205   22   23  4   0  0 0.020 01.0  0.00184   +0.01546   +0.01351    -12.613195 
 206   23   24  4   0  0 0.020 01.0  0.00366   +0.28913   +0.29497     +2.019853 
 207   23   25  4   0  0 0.020 01.0  0.00226   -0.07892   -0.07732     -2.027369 
 208   26   25  4   0  0 0.020 01.0  0.02284   -3.16616   -3.18777     +0.682530 
 209   25   27  4   0  0 0.020 01.0  0.00283   -0.16433   -0.16821     +2.361103 
 210   27   28  4   0  0 0.020 01.0  0.00222   -0.07258   -0.06873     -5.304492 
 211   28   29  4   0  0 0.020 01.0  0.00242   -0.10271   -0.09879     -3.816571 
 212   30   17  4   0  0 0.020 01.0  0.00480   -0.46030   -0.45576     -0.986313 
 213    8   30  4   0  0 0.020 01.0  0.00396   -0.33370   -0.33770     +1.198681 
 214   26   30  4   0  0 0.020 01.0  0.01052   -1.31796   -1.32051     +0.193481 
 215   17   31  4   0  0 0.020 01.0  0.00268   +0.14149   +0.13796     -2.494876 
 216   29   31  4   0  0 0.020 01.0  0.00244   -0.10529   -0.10587     +0.550860 
 217   23   32  4   0  0 0.020 01.0  0.00333   -0.23933   -0.23347     -2.448502 
 218   31   32  4   0  0 0.020 01.0  0.00276   +0.15406   +0.15839     +2.810593 
 219   27   32  4   0  0 0.020 01.0  0.00208   -0.05183   -0.05055     -2.469612 
 220   15   33  4   0  0 0.020 01.0  0.00201   +0.04119   +0.03938     -4.394270 
 221   19   34  4   0  0 0.020 01.0  0.00196   -0.03385   -0.03647     +7.740030 
 222   35   36  4   0  0 0.020 01.0  0.00176   -0.00450   -0.00821    +82.444444 
 223   35   37  4   0  0 0.020 01.0  0.00212   -0.05750   -0.05461     -5.026087 
 224   33   37  4   0  0 0.020 01.0  0.00181   +0.01134   +0.00792    -30.158730 
 225   34   36  4   0  0 0.020 01.0  0.00340   +0.25053   +0.25329     +1.101664 
 226   34   37  4   0  0 0.020 01.0  0.00533   +0.53927   +0.52973     -1.769058 
 227   38   37  4   0  0 0.020 01.0  0.00572   +0.59852   +0.58349     -2.511194 
 228   37   39  4   0  0 0.020 01.0  0.00456   +0.42444   +0.43348     +2.129865 
 229   37   40  4   0  0 0.020 01.0  0.00420   +0.37029   +0.37244     +0.580626 
 230   30   38  4   0  0 0.020 01.0  0.00442   -0.40239   -0.40135     -0.258456 
 231   39   40  4   0  0 0.020 01.0  0.00404   +0.34530   +0.34053     -1.381407 
 232   40   41  4   0  0 0.020 01.0  0.00305   -0.19817   -0.20628     +4.092446 
 233   40   42  4   0  0 0.020 01.0  0.00341   -0.25193   -0.25551     +1.421030 
 234   41   42  4   0  0 0.020 01.0  0.00347   -0.26003   -0.26352     +1.342153 
 235   43   44  4   0  0 0.020 01.0  0.00251   -0.11608   -0.11922     +2.705031 
 236   34   43  4   0  0 0.020 01.0  0.00246   -0.10819   -0.10709     -1.016730 
 237   44   45  4   0  0 0.020 01.0  0.00180   +0.00981   +0.00876    -10.703364 
 238   45   46  4   0  0 0.020 01.0  0.00174   -0.00085   -0.00368   +332.941176 
 239   46   47  4   0  0 0.020 01.0  0.00312   +0.20802   +0.20273     -2.543025 
 240   46   48  4   0  0 0.020 01.0  0.00209   -0.05359   -0.05198     -3.004292 
 241   47   49  4   0  0 0.020 01.0  0.00472   -0.44854   -0.44212     -1.431310 
 242   42   49  4   0  0 0.020 01.0  0.00485   -0.46690   -0.46981     +0.623260 
 243   45   49  4   0  0 0.020 01.0  0.00174   +0.00067   +0.00207   +208.955224 
 244   48   49  4   0  0 0.020 01.0  0.00241   +0.10113   +0.09803     -3.065361 
 245   49   50  4   0  0 0.020 01.0  0.00269   -0.14367   -0.14360     -0.048723 
 246   49   51  4   0  0 0.020 01.0  0.00285   -0.16720   -0.17041     +1.919856 
 247   51   52  4   0  0 0.020 01.0  0.00223   -0.07479   -0.07564     +1.136516 
 248   52   53  4   0  0 0.020 01.0  0.00236   -0.09473   -0.09675     +2.132376 
 249   53   54  4   0  0 0.020 01.0  0.00256   -0.12366   -0.12457     +0.735889 
 250   49   54  4   0  0 0.020 01.0  0.00426   -0.37902   -0.37325     -1.522347 
 251   54   55  4   0  0 0.020 01.0  0.00255   +0.12222   +0.11780     -3.616429 
 252   54   56  4   0  0 0.020 01.0  0.00688   +0.77230   +0.76008     -1.582287 
 253   55   56  4   0  0 0.020 01.0  0.00255   -0.12279   -0.12295     +0.130304 
 254   56   57  4   0  0 0.020 01.0  0.00255   +0.12314   +0.11906     -3.313302 
 255   50   57  4   0  0 0.020 01.0  0.00279   -0.15804   -0.15804     +0.000000 
 256   56   58  4   0  0 0.020 01.0  0.00245   +0.10730   +0.10528     -1.882572 
 257   51   58  4   0  0 0.020 01.0  0.00262   -0.13278   -0.13226     -0.391625 
 258   54   59  4   0  0 0.020 01.0  0.00208   +0.05199   +0.04853     -6.655126 
 259   56   59  4   0  0 0.020 01.0  0.00217   +0.06503   +0.06446     -0.876519 
 260   55   59  4   0  0 0.020 01.0  0.00184   +0.01525   +0.00984    -35.475410 
 261   59   60  4   0  0 0.020 01.0  0.00629   +0.68325   +0.68635     +0.453714 
 262   59   61  4   0  0 0.020 01.0  0.00659   +0.72798   +0.72379     -0.575565 
 263   60   61  4   0  0 0.020 01.0  0.00606   +0.64894   +0.64495     -0.614849 
 264   60   62  4   0  0 0.020 01.0  0.00183   -0.01373   -0.01762    +28.332119 
 265   61   62  4   0  0 0.020 01.0  0.00341   -0.25118   -0.25595     +1.899037 
 266   63   59  4   0  0 0.020 01.0  0.00724   -0.82535   -0.83918     +1.675653 
 267   63   64  4   0  0 0.020 01.0  0.00724   +0.82535   +0.81392     -1.384867 
 268   64   61  4   0  0 0.020 01.0  0.01360   +1.77961   +1.75742     -1.246902 
 269   38   65  4   0  0 0.020 01.0  0.00561   -0.58140   -0.58816     +1.162711 
 270   64   65  4   0  0 0.020 01.0  0.00691   -0.77683   -0.78256     +0.737613 
 271   49   66  4   0  0 0.020 01.0  0.00532   +0.53773   +0.53143     -1.171592 
 272   62   66  4   0  0 0.020 01.0  0.00338   -0.24765   -0.25371     +2.447002 
 273   62   67  4   0  0 0.020 01.0  0.00325   -0.22672   -0.23341     +2.950776 
 274   65   66  4   0  0 0.040 02.0  0.00281   +0.16145   +0.16749     +3.741096 
 275   66   67  4   0  0 0.020 01.0  0.00330   +0.23462   +0.23993     +2.263234 
 276   65   68  4   0  0 0.020 01.0  0.00803   +0.94467   +0.93708     -0.803455 
 277   47   69  4   0  0 0.020 01.0  0.00630   +0.68435   +0.68507     +0.105209 
 278   49   69  4   0  0 0.020 01.0  0.00631   +0.68668   +0.67764     -1.316479 
 279   68   69  4   0  0 0.020 01.0  0.02290   +3.17524   +3.12863     -1.467921 
 280   69   70  4   0  0 0.020 01.0  0.00283   +0.16463   +0.16565     +0.619571 
 281   24   70  4   0  0 0.020 01.0  0.00426   +0.37832   +0.38097     +0.700465 
 282   70   71  4   0  0 0.020 01.0  0.00386   +0.31841   +0.32953     +3.492353 
 283   24   72  4   0  0 0.020 01.0  0.00799   +0.93801   +0.92512     -1.374186 
 284   71   72  4   0  0 0.020 01.0  0.00242   +0.10264   +0.09992     -2.650039 
 285   71   73  4   0  0 0.020 01.0  0.00311   +0.20648   +0.20174     -2.295622 
 286   70   74  4   0  0 0.020 01.0  0.00178   +0.00763   +0.01030    +34.993447 
 287   70   75  4   0  0 0.020 01.0  0.00218   -0.06677   -0.06366     -4.657780 
 288   69   75  4   0  0 0.020 01.0  0.00231   +0.08629   +0.09090     +5.342450 
 289   74   75  4   0  0 0.020 01.0  0.00336   -0.24459   -0.25026     +2.318165 
 290   76   77  4   0  0 0.020 01.0  0.00466   -0.43913   -0.43953     +0.091089 
 291   69   77  4   0  0 0.020 01.0  0.00479   -0.45787   -0.46810     +2.234259 
 292   75   77  4   0  0 0.020 01.0  0.00380   -0.31032   -0.30315     -2.310518 
 293   77   78  4   0  0 0.020 01.0  0.00368   -0.29216   -0.28993     -0.763280 
 294   78   79  4   0  0 0.020 01.0  0.00486   -0.46886   -0.47515     +1.341552 
 295   77   80  4   0  0 0.020 01.0  0.01967   -2.68994   -2.65782     -1.194079 
 296   79   80  4   0  0 0.020 01.0  0.00504   -0.49557   -0.50724     +2.354864 
 297   68   81  4   0  0 0.020 01.0  0.00243   -0.10485   -0.10590     +1.001431 
 298   81   80  4   0  0 0.020 01.0  0.00698   +0.78728   +0.77350     -1.750330 
 299   77   82  4   0  0 0.020 01.0  0.00325   -0.22697   -0.22464     -1.026567 
 300   82   83  4   0  0 0.020 01.0  0.00329   +0.23358   +0.23193     -0.706396 
 301   83   84  4   0  0 0.020 01.0  0.00279   +0.15775   +0.16159     +2.434231 
 302   83   85  4   0  0 0.020 01.0  0.00253   +0.11993   +0.12180     +1.559243 
 303   84   85  4   0  0 0.020 01.0  0.00249   +0.11360   +0.11256     -0.915493 
 304   85   86  4   0  0 0.020 01.0  0.00283   -0.16461   -0.17256     +4.829597 
 305   86   87  4   0  0 0.020 01.0  0.00320   -0.22030   -0.21821     -0.948706 
 306   85   88  4   0  0 0.020 01.0  0.00282   -0.16357   -0.16872     +3.148499 
 307   85   89  4   0  0 0.020 01.0  0.00316   -0.21459   -0.21405     -0.251643 
 308   88   89  4   0  0 0.020 01.0  0.00317   -0.21589   -0.22100     +2.366946 
 309   89   90  4   0  0 0.020 01.0  0.00485   -0.46797   -0.47706     +1.942432 
 310   90   91  4   0  0 0.020 01.0  0.00176   -0.00332   -0.00513    +54.518072 
 311   89   92  4   0  0 0.020 01.0  0.00281   -0.16109   -0.16657     +3.401825 
 312   91   92  4   0  0 0.020 01.0  0.00225   +0.07767   +0.07562     -2.639372 
 313   92   93  4   0  0 0.020 01.0  0.00272   -0.14781   -0.14926     +0.980989 
 314   92   94  4   0  0 0.020 01.0  0.00288   -0.17236   -0.17650     +2.401949 
 315   93   94  4   0  0 0.020 01.0  0.00314   -0.21077   -0.21813     +3.491958 
 316   94   95  4   0  0 0.020 01.0  0.00373   +0.29890   +0.29893     +0.010037 
 317   80   96  4   0  0 0.020 01.0  0.00199   +0.03875   +0.03854     -0.541935 
 318   82   96  4   0  0 0.020 01.0  0.00423   -0.37432   -0.38285     +2.278799 
 319   94   96  4   0  0 0.020 01.0  0.00307   +0.20027   +0.19775     -1.258301 
 320   80   97  4   0  0 0.020 01.0  0.00219   +0.06816   +0.06679     -2.009977 
 321   80   98  4   0  0 0.020 01.0  0.00325   -0.22707   -0.22719     +0.052847 
 322   80   99  4   0  0 0.020 01.0  0.00308   -0.20124   -0.20445     +1.595110 
 323   92  100  4   0  0 0.020 01.0  0.00354   -0.27086   -0.27733     +2.388688 
 324   94  100  4   0  0 0.020 01.0  0.00853   -1.01898   -1.00657     -1.217885 
 325   95   96  4   0  0 0.020 01.0  0.00230   +0.08427   +0.08398     -0.344132 
 326   96   97  4   0  0 0.020 01.0  0.00204   -0.04596   -0.04564     -0.696258 
 327   98  100  4   0  0 0.020 01.0  0.00345   -0.25749   -0.26095     +1.343742 
 328   99  100  4   0  0 0.020 01.0  0.00421   -0.37192   -0.37532     +0.914175 
 329  100  101  4   0  0 0.020 01.0  0.00389   +0.32356   +0.33062     +2.181976 
 330   92  102  4   0  0 0.020 01.0  0.00322   -0.22283   -0.22492     +0.937935 
 331  101  102  4   0  0 0.020 01.0  0.00332   +0.23771   +0.23539     -0.975979 
 332  100  103  4   0  0 0.020 01.0  0.00242   +0.10238   +0.10390     +1.484665 
 333  100  104  4   0  0 0.020 01.0  0.00215   +0.06180   +0.06211     +0.501618 
 334  103  104  4   0  0 0.020 01.0  0.00201   +0.04136   +0.04514     +9.139265 
 335  100  106  4   0  0 0.020 01.0  0.00183   +0.01500   +0.01590     +6.000000 
 336  105  107  4   0  0 0.020 01.0  0.00272   -0.14833   -0.15348     +3.471988 
 337  105  108  4   0  0 0.020 01.0  0.00199   -0.03887   -0.04002     +2.958580 
 338  106  107  4   0  0 0.020 01.0  0.00252   -0.11763   -0.11217     -4.641673 
 339  108  109  4   0  0 0.020 01.0  0.00190   -0.02449   -0.02506     +2.327481 
 340  103  110  4   0  0 0.020 01.0  0.00177   +0.00565   +0.00396    -29.911504 
 341  109  110  4   0  0 0.020 01.0  0.00198   -0.03665   -0.03414     -6.848568 
 342  110  111  4   0  0 0.020 01.0  0.00284   -0.16676   -0.16870     +1.163349 
 343  110  112  4   0  0 0.020 01.0  0.00406   -0.34900   -0.35681     +2.237822 
 344   17  113  4   0  0 0.020 01.0  0.00532   -0.53820   -0.54053     +0.432925 
 345   32  113  4   0  0 0.020 01.0  0.00334   -0.24182   -0.24725     +2.245472 
 346   32  114  4   0  0 0.020 01.0  0.00189   +0.02276   +0.01995    -12.346221 
 347   27  115  4   0  0 0.020 01.0  0.00179   +0.00810   +0.00607    -25.061728 
 348  114  115  4   0  0 0.020 01.0  0.00187   +0.02021   +0.01799    -10.984661 
 349   68  116  4   0  0 0.020 01.0  0.01283   -1.66477   -1.67042     +0.339386 
 350   12  117  4   0  0 0.020 01.0  0.00184   +0.01602   +0.01289    -19.538077 
 351   75  118  4   0  0 0.020 01.0  0.00245   +0.10719   +0.11098     +3.535778 
 352   76  118  4   0  0 0.020 01.0  0.00186   -0.01894   -0.02287    +20.749736 
----------------------------------------------------------------------------------
Número de medidores SCADA:     352
Número de PMUs:                0
Número de medidas das PMUs:    0
----------------------------------------------------------------------------------

Matriz de pesos formada com as covariâncias das telemedidas.
Não há medidas de ângulo.
Não há medidores desabilitados.
============= Estado Ref =============== Estado Est ================ TVE =========
Barra     Mod(pu)    Ang(graus)      Mod(pu)   Ang(graus)            (%)         
----------------------------------------------------------------------------------
   1       1.0510       -16.82        1.0501       -16.77          0.1307 
   2       1.0660       -16.80        1.0655       -16.73          0.1259 
   3       1.0620       -16.28        1.0610       -16.24          0.1217 
   4       1.1000       -13.70        1.0994       -13.64          0.1217 
   5       1.0840       -13.43        1.0838       -13.37          0.1018 
   6       1.0550       -15.13        1.0547       -15.06          0.1288 
   7       1.0640       -15.69        1.0639       -15.63          0.1115 
   8       1.0550       -10.20        1.0549       -10.18          0.0420 
   9       1.0970        -8.86        1.0977        -8.82          0.0893 
  10       1.1000        -7.34        1.1004        -7.28          0.1085 
  11       1.0790       -16.61        1.0702       -16.56          0.8176 
  12       1.0800       -16.40        1.0796       -16.35          0.0896 
  13       1.0190       -22.71        1.0178       -22.67          0.1360 
  14       1.0750       -15.90        1.0749       -15.84          0.1062 
  15       1.0630       -13.44        1.0634       -13.37          0.1219 
  16       1.0740       -14.96        1.0769       -14.77          0.4259 
  17       1.0780       -10.37        1.0779       -10.32          0.0893 
  18       1.0680       -12.03        1.0681       -11.99          0.0647 
  19       1.0600       -12.75        1.0602       -12.70          0.0873 
  20       1.0560       -10.16        1.0560       -10.09          0.1234 
  21       1.0560        -7.73        1.0562        -7.66          0.1251 
  22       1.0640        -4.54        1.0637        -4.54          0.0336 
  23       1.0860         1.10        1.0864         1.11          0.0463 
  24       1.0800         2.83        1.0801         2.83          0.0107 
  25       1.1000         3.89        1.1000         3.86          0.0459 
  26       0.9760         4.58        0.9756         4.53          0.0899 
  27       1.0950        -0.83        1.0953        -0.81          0.0426 
  28       1.0940        -2.23        1.0943        -2.23          0.0288 
  29       1.0970        -3.28        1.0976        -3.26          0.0615 
  30       1.0600        -8.61        1.0605        -8.57          0.0929 
  31       1.1000        -3.41        1.1002        -3.39          0.0480 
  32       1.0890        -2.47        1.0891        -2.44          0.0483 
  33       1.0500       -14.40        1.0506       -14.37          0.0792 
  34       1.0490       -14.76        1.0497       -14.74          0.0789 
  35       1.0410       -14.91        1.0417       -14.88          0.0827 
  36       1.0410       -14.90        1.0418       -14.87          0.0896 
  37       1.0460       -14.41        1.0463       -14.38          0.0577 
  38       1.0650       -11.61        1.0656       -11.57          0.0886 
  39       0.9900       -15.81        0.9898       -15.76          0.0843 
  40       0.9650       -16.07        0.9651       -16.05          0.0412 
  41       0.9710       -17.00        0.9716       -16.97          0.0783 
  42       1.0050       -17.58        1.0059       -17.56          0.0957 
  43       1.0560       -16.60        1.0560       -16.58          0.0418 
  44       1.0710       -17.68        1.0719       -17.66          0.0876 
  45       1.0700       -17.46        1.0709       -17.46          0.0828 
  46       1.0770       -15.85        1.0778       -15.88          0.0934 
  47       1.0560       -14.44        1.0572       -14.48          0.1273 
  48       1.0800       -16.17        1.0808       -16.15          0.0798 
  49       1.0770       -15.79        1.0777       -15.78          0.0696 
  50       1.0780       -17.27        1.0785       -17.28          0.0562 
  51       1.0780       -19.10        1.0785       -19.09          0.0508 
  52       1.0780       -19.73        1.0786       -19.71          0.0656 
  53       1.0860       -20.44        1.0867       -20.41          0.0790 
  54       1.1000       -20.08        1.1004       -20.06          0.0538 
  55       1.0910       -20.05        1.0915       -20.03          0.0567 
  56       1.0930       -20.02        1.0935       -20.00          0.0511 
  57       1.0860       -19.11        1.0865       -19.08          0.0746 
  58       1.0830       -19.66        1.0840       -19.64          0.1025 
  59       1.0900       -18.02        1.0909       -18.01          0.0836 
  60       1.0050       -14.96        1.0055       -14.93          0.0774 
  61       0.9980       -14.30        0.9988       -14.25          0.1153 
  62       1.0060       -14.75        1.0069       -14.72          0.1068 
  63       1.0580       -14.97        1.0588       -14.95          0.0810 
  64       1.0440       -13.24        1.0442       -13.22          0.0401 
  65       1.0680        -9.72        1.0690        -9.73          0.0907 
  66       1.0640       -12.86        1.0650       -12.86          0.0946 
  67       1.0340       -14.26        1.0347       -14.27          0.0648 
  68       1.0560        -6.31        1.0566        -6.33          0.0647 
  69       0.9500         0.00        0.9519         0.00          0.2043 
  70       0.9150        -1.10        0.9168        -1.10          0.2021 
  71       0.9080         0.40        0.9093         0.39          0.1489 
  72       0.9000         4.35        0.9022         4.36          0.2392 
  73       0.9000         1.35        0.9016         1.35          0.1833 
  74       0.9000        -3.73        0.9014        -3.70          0.1655 
  75       0.9130        -3.58        0.9142        -3.56          0.1332 
  76       0.9000        -4.71        0.9012        -4.68          0.1427 
  77       0.9780        -4.33        0.9796        -4.37          0.1786 
  78       0.9780        -5.04        0.9800        -5.06          0.2079 
  79       0.9880        -5.73        0.9896        -5.77          0.1745 
  80       1.0210        -6.60        1.0226        -6.62          0.1591 
  81       1.0490        -6.39        1.0498        -6.41          0.0869 
  82       1.0030        -3.25        1.0046        -3.26          0.1583 
  83       1.0040        -1.37        1.0049        -1.41          0.1204 
  84       1.0060         2.04        1.0067         1.97          0.1439 
  85       1.0130         3.90        1.0137         3.85          0.1102 
  86       1.0440         5.91        1.0453         5.83          0.1929 
  87       1.1000        10.74        1.1012        10.69          0.1412 
  88       1.0350         5.59        1.0358         5.51          0.1547 
  89       1.0590         7.92        1.0600         7.86          0.1471 
  90       1.0740         5.66        1.0751         5.60          0.1520 
  91       1.0740         5.79        1.0752         5.73          0.1518 
  92       1.0490         3.38        1.0504         3.37          0.1306 
  93       1.0450         0.10        1.0458         0.05          0.1099 
  94       1.0470        -2.44        1.0486        -2.47          0.1594 
  95       1.0280        -3.44        1.0295        -3.45          0.1515 
  96       1.0190        -4.05        1.0209        -4.05          0.1863 
  97       1.0170        -5.54        1.0190        -5.55          0.1942 
  98       1.0460        -6.22        1.0477        -6.22          0.1589 
  99       1.0710        -3.68        1.0727        -3.70          0.1608 
 100       1.1000        -3.59        1.1018        -3.60          0.1661 
 101       1.0690        -1.21        1.0703        -1.25          0.1421 
 102       1.0550         1.77        1.0564         1.77          0.1292 
 103       1.0910        -3.93        1.0927        -3.94          0.1606 
 104       1.0790        -4.23        1.0804        -4.24          0.1273 
 105       1.0790        -4.40        1.0809        -4.36          0.1887 
 106       1.0830        -4.80        1.0847        -4.79          0.1609 
 107       1.1000        -4.62        1.1021        -4.57          0.2093 
 108       1.0800        -4.55        1.0821        -4.52          0.1972 
 109       1.0800        -4.59        1.0824        -4.56          0.2299 
 110       1.0830        -4.50        1.0848        -4.48          0.1691 
 111       1.1000        -3.58        1.1021        -3.55          0.1968 
 112       1.1000        -5.07        1.1023        -5.06          0.2143 
 113       1.1000        -9.34        1.1005        -9.29          0.1046 
 114       1.0890        -2.08        1.0892        -2.04          0.0713 
 115       1.0890        -1.99        1.0894        -1.94          0.0864 
 116       1.0620        -6.08        1.0630        -6.10          0.1029 
 117       1.0710       -17.30        1.0713       -17.21          0.1551 
 118       0.9020        -4.46        0.9036        -4.42          0.1859 
----------------------------------------------------------------------------------
Convergiu em:    4 iteraçoes com TVE medio de     0.1232 
----------------------------------------------------------------------------------
--- RESIDUOS NORMALIZADOS --------------------------------------------------------
   N    D    P  TP      Real     Medido   Estimado      Med-Est        rn 
----------------------------------------------------------------------------------
  22   16   17  1    -0.4835    -0.4833    -0.4675  -1.5799e-002      3.765 
  20   12   16  1    -0.3103    -0.3559    -0.3514  -4.5559e-003      3.574 
  91   63   64  1    -1.5904    -1.5760    -1.5902  +1.4141e-002      2.980 
 184    8    5  4    -1.0839    -1.0873    -1.0752  -1.2178e-002      2.934 
 213    8   30  4    -0.3337    -0.3377    -0.3422  +4.5249e-003      2.934 
  90   63   59  1    +1.5904    +1.5698    +1.5949  -2.5081e-002      2.933 
 337  105  108  4    -0.0389    -0.0400    -0.0410  +9.3088e-004      2.911 
 339  108  109  4    -0.0245    -0.0251    -0.0254  +3.4330e-004      2.909 
 341  109  110  4    -0.0367    -0.0341    -0.0351  +9.6888e-004      2.908 
 274   65   66  4    +0.1615    +0.1675    +0.1603  +7.2026e-003      2.890 
 294   78   79  4    -0.4689    -0.4752    -0.4713  -3.8546e-003      2.862 
 338  106  107  4    -0.1176    -0.1122    -0.1158  +3.6512e-003      2.861 
 336  105  107  4    -0.1483    -0.1535    -0.1490  -4.5146e-003      2.855 
 296   79   80  4    -0.4956    -0.5072    -0.4949  -1.2330e-002      2.843 
 335  100  106  4    +0.0150    +0.0159    +0.0135  +2.3838e-003      2.834 
 291   69   77  4    -0.4579    -0.4681    -0.4578  -1.0303e-002      2.797 
 340  103  110  4    +0.0056    +0.0040    +0.0057  -1.6996e-003      2.793 
 293   77   78  4    -0.2922    -0.2899    -0.2889  -1.0340e-003      2.743 
   3    4    5  1    -0.1998    -0.2081    -0.2084  +3.4449e-004      2.710 
 216   29   31  4    -0.1053    -0.1059    -0.1072  +1.3231e-003      2.694 
 211   28   29  4    -0.1027    -0.0988    -0.1023  +3.5387e-003      2.680 
 210   27   28  4    -0.0726    -0.0687    -0.0714  +2.6222e-003      2.662 
 292   75   77  4    -0.3103    -0.3031    -0.3122  +9.0035e-003      2.659 
  10    4   11  1    +0.9328    +0.9154    +0.9338  -1.8489e-002      2.657 
 156  100  103  1    +0.1777    +0.1797    +0.1773  +2.3605e-003      2.646 
 138   92   94  1    +0.6595    +0.6777    +0.6626  +1.5118e-002      2.639 
 158  103  104  1    +0.0584    +0.0626    +0.0593  +3.2830e-003      2.628 
  14    3   12  1    -0.0193    -0.0176    -0.0211  +3.4852e-003      2.628 
 198   16   17  4    +0.0951    +0.0996    +0.1044  -4.7503e-003      2.621 
 181    5    6  4    +0.4271    +0.4181    +0.4255  -7.4485e-003      2.588 
 175   75  118  1    +0.2963    +0.2893    +0.2923  -3.0585e-003      2.553 
 182    6    7  4    -0.5534    -0.5610    -0.5566  -4.3135e-003      2.552 
 176   76  118  1    -0.0684    -0.0716    -0.0728  +1.2713e-003      2.541 
 212   30   17  4    -0.4603    -0.4558    -0.4617  +5.9265e-003      2.534 
 157  100  104  1    +0.0863    +0.0823    +0.0867  -4.4689e-003      2.533 
 114   76   77  1    -0.1666    -0.1667    -0.1614  -5.2804e-003      2.507 
 191    7   12  4    -0.5700    -0.5743    -0.5671  -7.2744e-003      2.504 
 275   66   67  4    +0.2346    +0.2399    +0.2355  +4.3949e-003      2.497 
 273   62   67  4    -0.2267    -0.2334    -0.2283  -5.1338e-003      2.456 
 196   12   16  4    +0.1470    +0.1145    +0.1167  -2.2785e-003      2.435 
 270   64   65  4    -0.7768    -0.7826    -0.7895  +6.9793e-003      2.333 
 112   69   75  1    +0.4910    +0.4818    +0.4916  -9.8856e-003      2.323 
 225   34   36  4    +0.2505    +0.2533    +0.2483  +4.9541e-003      2.321 
 119   77   80  1    -0.3555    -0.3612    -0.3646  +3.4490e-003      2.278 
  82   54   59  1    -0.1679    -0.1742    -0.1683  -5.8693e-003      2.274 
 222   35   36  4    -0.0045    -0.0082    -0.0077  -4.9538e-004      2.274 
 223   35   37  4    -0.0575    -0.0546    -0.0579  +3.3189e-003      2.269 
 260   55   59  4    +0.0153    +0.0098    +0.0133  -3.4697e-003      2.217 
 103   68   69  1    -2.9764    -3.0395    -2.9969  -4.2541e-002      2.201 
 111   70   75  1    +0.2402    +0.2460    +0.2401  +5.8985e-003      2.167 
  27   20   21  1    -0.5298    -0.5335    -0.5303  -3.2014e-003      2.152 
 226   34   37  4    +0.5393    +0.5297    +0.5336  -3.8860e-003      2.149 
 349   68  116  4    -1.6648    -1.6704    -1.6704  -3.4763e-008      2.137 
  25   19   20  1    -0.4028    -0.4100    -0.4070  -3.0168e-003      2.121 
 201   19   20  4    +0.1166    +0.1211    +0.1189  +2.2991e-003      2.118 
  28   21   22  1    -0.6307    -0.6208    -0.6163  -4.5117e-003      2.113 
 189    2   12  4    -0.1936    -0.2006    -0.1978  -2.7806e-003      2.105 
  92   64   61  1    +0.7178    +0.7075    +0.7028  +4.6256e-003      2.102 
 178    1    3  4    -0.1789    -0.1832    -0.1849  +1.7523e-003      2.090 
 177    1    2  4    -0.1580    -0.1646    -0.1608  -3.8165e-003      2.083 
  44   15   33  1    +0.1683    +0.1768    +0.1734  +3.3560e-003      2.079 
  48   33   37  1    +0.0103    +0.0118    +0.0103  +1.4992e-003      2.076 
 203   20   21  4    +0.1103    +0.1137    +0.1122  +1.5253e-003      2.051 
 312   91   92  4    +0.0777    +0.0756    +0.0783  -2.7106e-003      1.997 
 310   90   91  4    -0.0033    -0.0051    -0.0040  -1.1052e-003      1.996 
 309   89   90  4    -0.4680    -0.4771    -0.4704  -6.6743e-003      1.990 
 324   94  100  4    -1.0190    -1.0066    -1.0196  +1.3072e-002      1.985 
 204   21   22  4    +0.0568    +0.0563    +0.0551  +1.1740e-003      1.969 
 117   77   78  1    +0.8668    +0.8505    +0.8557  -5.1695e-003      1.937 
  29   22   23  1    -0.7062    -0.7163    -0.7077  -8.5844e-003      1.934 
 268   64   61  4    +1.7796    +1.7574    +1.7737  -1.6316e-002      1.931 
 249   53   54  4    -0.1237    -0.1246    -0.1219  -2.6437e-003      1.926 
 113   74   75  1    -0.1269    -0.1250    -0.1242  -8.6950e-004      1.925 
 147   92  100  1    +0.4208    +0.4140    +0.4222  -8.1748e-003      1.924 
 188   11   12  4    -0.4014    -0.4025    -0.4124  +9.8688e-003      1.914 
 248   52   53  4    -0.0947    -0.0968    -0.0937  -3.0266e-003      1.908 
 306   85   88  4    -0.1636    -0.1687    -0.1657  -3.0157e-003      1.906 
 110   70   74  1    +0.2922    +0.2856    +0.2912  -5.5369e-003      1.888 
 281   24   70  4    +0.3783    +0.3810    +0.3737  +7.2693e-003      1.881 
 308   88   89  4    -0.2159    -0.2210    -0.2184  -2.5699e-003      1.876 
 120   79   80  1    +0.1094    +0.1030    +0.1058  -2.7521e-003      1.856 
 247   51   52  4    -0.0748    -0.0756    -0.0747  -9.4416e-004      1.855 
 215   17   31  4    +0.1415    +0.1380    +0.1411  -3.1711e-003      1.851 
 118   78   79  1    +0.3785    +0.3815    +0.3846  -3.0882e-003      1.840 
  45   19   34  1    +0.1588    +0.1554    +0.1598  -4.4370e-003      1.839 
   4    3    5  1    -0.5487    -0.5603    -0.5516  -8.7314e-003      1.837 
 205   22   23  4    +0.0155    +0.0135    +0.0122  +1.2959e-003      1.819 
  11    5   11  1    +0.9324    +0.9475    +0.9349  +1.2652e-002      1.754 
  58   41   42  1    -0.0006    -0.0023    -0.0008  -1.5450e-003      1.748 
 246   49   51  4    -0.1672    -0.1704    -0.1669  -3.5250e-003      1.741 
  56   40   41  1    +0.2540    +0.2483    +0.2504  -2.1646e-003      1.737 
 259   56   59  4    +0.0650    +0.0645    +0.0618  +2.6408e-003      1.706 
 141   80   96  1    -0.2417    -0.2396    -0.2447  +5.1886e-003      1.700 
 168   17  113  1    -0.8690    -0.8713    -0.8732  +1.9229e-003      1.642 
 139   93   94  1    +0.6031    +0.5910    +0.5956  -4.5743e-003      1.634 
 137   92   93  1    +0.6969    +0.7018    +0.7086  -6.8447e-003      1.623 
  13    2   12  1    -0.1851    -0.1833    -0.1813  -2.0380e-003      1.596 
  57   40   42  1    +0.0697    +0.0716    +0.0687  +2.9208e-003      1.594 
 217   23   32  4    -0.2393    -0.2335    -0.2371  +3.6151e-003      1.583 
   2    1    3  1    -0.3006    -0.2943    -0.2965  +2.2373e-003      1.580 
   1    1    2  1    -0.0474    -0.0525    -0.0508  -1.6507e-003      1.570 
 218   31   32  4    +0.1541    +0.1584    +0.1555  +2.8968e-003      1.519 
  83   56   59  1    -0.2957    -0.2929    -0.2971  +4.2800e-003      1.515 
 272   62   66  4    -0.2477    -0.2537    -0.2490  -4.7117e-003      1.485 
  15    7   12  1    +0.2783    +0.2844    +0.2857  -1.3338e-003      1.469 
 295   77   80  4    -2.6899    -2.6578    -2.6819  +2.4031e-002      1.409 
  75   54   55  1    +0.0234    +0.0264    +0.0239  +2.5361e-003      1.390 
 121   68   81  1    +0.1088    +0.1107    +0.1105  +1.9685e-004      1.390 
 238   45   46  4    -0.0008    -0.0037    -0.0025  -1.1510e-003      1.384 
 345   32  113  4    -0.2418    -0.2473    -0.2434  -3.8827e-003      1.365 
  86   59   61  1    -0.3071    -0.3153    -0.3107  -4.5362e-003      1.354 
   6    6    7  1    +0.4103    +0.4120    +0.4132  -1.1633e-003      1.348 
 122   81   80  1    +0.1086    +0.1053    +0.1050  +3.5052e-004      1.340 
  97   62   67  1    -0.1236    -0.1185    -0.1169  -1.6098e-003      1.330 
 279   68   69  4    +3.1752    +3.1286    +3.1538  -2.5210e-002      1.318 
  85   59   60  1    -0.2495    -0.2552    -0.2515  -3.6942e-003      1.315 
 169   32  113  1    +0.6419    +0.6327    +0.6391  -6.3997e-003      1.308 
 288   69   75  4    +0.0863    +0.0909    +0.0890  +1.9313e-003      1.302 
 154   92  102  1    +0.5103    +0.5107    +0.5086  +2.1476e-003      1.299 
 323   92  100  4    -0.2709    -0.2773    -0.2729  -4.4051e-003      1.298 
 333  100  104  4    +0.0618    +0.0621    +0.0643  -2.1531e-003      1.291 
 155  101  102  1    -0.4668    -0.4795    -0.4756  -3.8666e-003      1.284 
 153  100  101  1    -0.3119    -0.3095    -0.3070  -2.4160e-003      1.284 
   5    5    6  1    +0.7225    +0.7121    +0.7180  -5.8551e-003      1.268 
 192   11   13  4    +0.3271    +0.3251    +0.3271  -2.0101e-003      1.267 
 194   13   15  4    +0.0494    +0.0446    +0.0464  -1.8600e-003      1.262 
 352   76  118  4    -0.0189    -0.0229    -0.0226  -2.8523e-004      1.257 
 344   17  113  4    -0.5382    -0.5405    -0.5419  +1.3292e-003      1.250 
  99   66   67  1    +0.3194    +0.3247    +0.3218  +2.9586e-003      1.249 
 300   82   83  4    +0.2336    +0.2319    +0.2328  -8.4928e-004      1.232 
  31   23   25  1    -0.7325    -0.7259    -0.7220  -3.8848e-003      1.230 
 209   25   27  4    -0.1643    -0.1682    -0.1656  -2.6194e-003      1.230 
 180    3    5  4    -0.1011    -0.1016    -0.1034  +1.7843e-003      1.205 
  23   17   18  1    +0.6742    +0.6749    +0.6793  -4.4238e-003      1.184 
  24   18   19  1    +0.3094    +0.3057    +0.3073  -1.5911e-003      1.183 
 351   75  118  4    +0.1072    +0.1110    +0.1106  +4.0041e-004      1.180 
 101   47   69  1    -0.6808    -0.6787    -0.6856  +6.9043e-003      1.164 
 197   15   17  4    +0.0740    +0.0702    +0.0714  -1.2425e-003      1.164 
 214   26   30  4    -1.3180    -1.3205    -1.3281  +7.5984e-003      1.161 
 202   15   19  4    +0.1669    +0.1690    +0.1672  +1.8250e-003      1.160 
 239   46   47  4    +0.2080    +0.2027    +0.2052  -2.4247e-003      1.155 
  81   51   58  1    +0.1164    +0.1134    +0.1124  +1.0781e-003      1.151 
  80   56   58  1    -0.0333    -0.0366    -0.0357  -9.0136e-004      1.150 
  84   55   59  1    -0.1838    -0.1814    -0.1844  +2.9767e-003      1.146 
 143   94   96  1    +0.4105    +0.4108    +0.4065  +4.2652e-003      1.139 
  77   55   56  1    -0.0741    -0.0727    -0.0734  +6.2241e-004      1.134 
 241   47   49  4    -0.4485    -0.4421    -0.4392  -2.9005e-003      1.128 
 186    4   11  4    +0.1943    +0.1960    +0.1934  +2.6108e-003      1.126 
 206   23   24  4    +0.2891    +0.2950    +0.2944  +5.3119e-004      1.115 
 334  103  104  4    +0.0414    +0.0451    +0.0438  +1.3249e-003      1.111 
  94   64   65  1    -2.3134    -2.2909    -2.3037  +1.2796e-002      1.084 
 290   76   77  4    -0.4391    -0.4395    -0.4439  +4.3783e-003      1.076 
  76   54   56  1    +0.1029    +0.1066    +0.1070  -4.5900e-004      1.070 
 251   54   55  4    +0.1222    +0.1178    +0.1203  -2.4778e-003      1.070 
 149   95   96  1    +0.2329    +0.2276    +0.2291  -1.4726e-003      1.065 
 278   49   69  4    +0.6867    +0.6776    +0.6840  -6.3575e-003      1.063 
 140   94   95  1    +0.5244    +0.5185    +0.5214  -2.9026e-003      1.061 
  33   25   27  1    +0.5966    +0.5862    +0.5907  -4.5239e-003      1.058 
 307   85   89  4    -0.2146    -0.2140    -0.2170  +2.9147e-003      1.057 
 319   94   96  4    +0.2003    +0.1978    +0.2004  -2.6226e-003      1.054 
  95   49   66  1    -1.1666    -1.1714    -1.1653  -6.1392e-003      1.038 
  62   45   46  1    -0.2340    -0.2274    -0.2295  +2.0713e-003      1.019 
 116   75   77  1    -0.0289    -0.0233    -0.0247  +1.3818e-003      1.015 
 302   83   85  4    +0.1199    +0.1218    +0.1237  -1.8950e-003      1.000 
 208   26   25  4    -3.1662    -3.1878    -3.1744  -1.3375e-002      0.999 
 328   99  100  4    -0.3719    -0.3753    -0.3736  -1.7494e-003      0.995 
 347   27  115  4    +0.0081    +0.0061    +0.0071  -1.0057e-003      0.984 
 262   59   61  4    +0.7280    +0.7238    +0.7298  -6.0138e-003      0.983 
 348  114  115  4    +0.0202    +0.0180    +0.0178  +1.5373e-004      0.976 
 346   32  114  4    +0.0228    +0.0199    +0.0190  +9.1497e-004      0.973 
 243   45   49  4    +0.0007    +0.0021    +0.0009  +1.1466e-003      0.972 
 322   80   99  4    -0.2012    -0.2044    -0.2021  -2.3579e-003      0.969 
 179    4    5  4    +2.2280    +2.1877    +2.1949  -7.1940e-003      0.965 
  37    8   30  1    -0.6166    -0.6271    -0.6292  +2.0371e-003      0.960 
 164  103  110  1    +0.0714    +0.0701    +0.0692  +9.1235e-004      0.946 
  70   49   51  1    +0.4365    +0.4406    +0.4371  +3.5383e-003      0.920 
 287   70   75  4    -0.0668    -0.0637    -0.0652  +1.5729e-003      0.910 
 219   27   32  4    -0.0518    -0.0505    -0.0492  -1.3239e-003      0.897 
  67   45   49  1    -0.1713    -0.1739    -0.1719  -1.9919e-003      0.894 
 311   89   92  4    -0.1611    -0.1666    -0.1673  +7.0524e-004      0.869 
 207   23   25  4    -0.0789    -0.0773    -0.0768  -5.2063e-004      0.861 
 159  100  106  1    +0.1240    +0.1203    +0.1217  -1.3749e-003      0.849 
  19   14   15  1    -0.2094    -0.2097    -0.2116  +1.9018e-003      0.833 
  63   46   47  1    -0.1523    -0.1522    -0.1537  +1.5253e-003      0.830 
  16   11   13  1    +1.6889    +1.6939    +1.6881  +5.8727e-003      0.829 
  55   39   40  1    +0.1784    +0.1834    +0.1841  -6.6785e-004      0.826 
  52   37   39  1    +0.3721    +0.3692    +0.3714  -2.1863e-003      0.826 
 252   54   56  4    +0.7723    +0.7601    +0.7580  +2.1061e-003      0.825 
  17   12   14  1    -0.1129    -0.1137    -0.1141  +4.1225e-004      0.818 
 250   49   54  4    -0.3790    -0.3733    -0.3763  +3.0833e-003      0.813 
 237   44   45  4    +0.0098    +0.0088    +0.0090  -2.4666e-004      0.812 
 235   43   44  4    -0.1161    -0.1192    -0.1179  -1.3544e-003      0.811 
 236   34   43  4    -0.1082    -0.1071    -0.1063  -8.3511e-004      0.805 
 150   96   97  1    +0.2964    +0.3028    +0.3009  +1.8762e-003      0.793 
 144   80   97  1    -0.1912    -0.1942    -0.1930  -1.2235e-003      0.753 
  12   11   12  1    -0.3325    -0.3393    -0.3388  -4.8982e-004      0.752 
 190    3   12  4    -0.1384    -0.1383    -0.1401  +1.7514e-003      0.750 
 317   80   96  4    +0.0388    +0.0385    +0.0373  +1.2752e-003      0.749 
  21   15   17  1    -1.3750    -1.3753    -1.3684  -6.8351e-003      0.744 
 242   42   49  4    -0.4669    -0.4698    -0.4671  -2.7101e-003      0.740 
 108   71   72  1    -0.2823    -0.2843    -0.2860  +1.7437e-003      0.740 
 106   70   71  1    -0.5360    -0.5276    -0.5282  +6.7801e-004      0.733 
 107   24   72  1    +0.1089    +0.1054    +0.1061  -7.1259e-004      0.731 
  71   51   52  1    +0.1952    +0.1905    +0.1913  -7.2969e-004      0.729 
 170   32  114  1    -0.1244    -0.1294    -0.1301  +6.8487e-004      0.723 
 172  114  115  1    -0.1795    -0.1860    -0.1862  +1.5089e-004      0.714 
 127   84   85  1    -0.4600    -0.4655    -0.4668  +1.2913e-003      0.711 
 160  105  107  1    -0.0101    -0.0116    -0.0121  +4.7152e-004      0.705 
  46   35   36  1    -0.0206    -0.0175    -0.0176  +1.3477e-004      0.704 
 125   83   84  1    -0.3745    -0.3672    -0.3691  +1.9306e-003      0.702 
  98   65   66  1    +1.6801    +1.6889    +1.6829  +6.0298e-003      0.697 
 299   77   82  4    -0.2270    -0.2246    -0.2232  -1.3965e-003      0.694 
  54   30   38  1    +1.0780    +1.0796    +1.0834  -3.7423e-003      0.686 
 162  106  107  1    -0.0468    -0.0514    -0.0508  -5.9869e-004      0.683 
  96   62   66  1    -0.2106    -0.2061    -0.2080  +1.8828e-003      0.679 
  51   38   37  1    +1.4515    +1.4530    +1.4578  -4.7667e-003      0.673 
 171   27  115  1    +0.3311    +0.3212    +0.3230  -1.7136e-003      0.673 
  47   35   37  1    -0.2044    -0.2048    -0.2030  -1.7599e-003      0.672 
 100   65   68  1    -4.0870    -4.0780    -4.0707  -7.3147e-003      0.672 
  36   30   17  1    +0.9016    +0.9040    +0.9016  +2.3564e-003      0.637 
 199   17   18  4    +0.0417    +0.0453    +0.0459  -6.1374e-004      0.637 
 320   80   97  4    +0.0682    +0.0668    +0.0660  +7.5060e-004      0.633 
 200   18   19  4    +0.0984    +0.0957    +0.0965  -7.9966e-004      0.622 
 126   83   85  1    -0.5914    -0.5933    -0.5902  -3.0217e-003      0.621 
 130   85   88  1    -0.3333    -0.3277    -0.3288  +1.1470e-003      0.615 
 326   96   97  4    -0.0460    -0.0456    -0.0450  -5.9867e-004      0.609 
  65   47   49  1    +0.2940    +0.2862    +0.2852  +9.6828e-004      0.606 
 265   61   62  4    -0.2512    -0.2560    -0.2545  -1.4523e-003      0.592 
 142   82   96  1    +0.1654    +0.1584    +0.1589  -5.3709e-004      0.584 
  72   52   53  1    +0.0715    +0.0695    +0.0704  -8.3456e-004      0.582 
 276   65   68  4    +0.9447    +0.9371    +0.9377  -6.1163e-004      0.580 
  73   53   54  1    -0.0859    -0.0841    -0.0834  -6.5027e-004      0.571 
 132   88   89  1    -0.6639    -0.6691    -0.6709  +1.7818e-003      0.561 
  88   60   62  1    -0.0663    -0.0689    -0.0681  -8.1822e-004      0.561 
  53   37   40  1    +0.3129    +0.3167    +0.3149  +1.7942e-003      0.549 
 258   54   59  4    +0.0520    +0.0485    +0.0495  -1.0089e-003      0.540 
 163  108  109  1    +0.0202    +0.0203    +0.0204  -6.2608e-005      0.538 
 269   38   65  4    -0.5814    -0.5882    -0.5901  +1.9808e-003      0.536 
 161  105  108  1    +0.0342    +0.0342    +0.0344  -1.6603e-004      0.529 
 165  109  110  1    -0.0348    -0.0292    -0.0291  -1.7254e-004      0.527 
 123   77   82  1    -0.2827    -0.2889    -0.2875  -1.3219e-003      0.522 
 229   37   40  4    +0.3703    +0.3724    +0.3742  -1.7796e-003      0.515 
 332  100  103  4    +0.1024    +0.1039    +0.1042  -3.2997e-004      0.513 
 232   40   41  4    -0.1982    -0.2063    -0.2060  -3.1749e-004      0.508 
 321   80   98  4    -0.2271    -0.2272    -0.2265  -7.0904e-004      0.505 
 327   98  100  4    -0.2575    -0.2610    -0.2596  -1.3286e-003      0.495 
  38   26   30  1    +2.6638    +2.6351    +2.6435  -8.3409e-003      0.484 
 234   41   42  4    -0.2600    -0.2635    -0.2624  -1.0763e-003      0.476 
 146   80   99  1    -0.3091    -0.3113    -0.3097  -1.6148e-003      0.473 
 286   70   74  4    +0.0076    +0.0103    +0.0108  -5.4514e-004      0.471 
  34   27   28  1    +0.3299    +0.3336    +0.3347  -1.0715e-003      0.461 
  43   27   32  1    +0.4412    +0.4406    +0.4389  +1.7111e-003      0.459 
 263   60   61  4    +0.6489    +0.6450    +0.6437  +1.2056e-003      0.451 
 264   60   62  4    -0.0137    -0.0176    -0.0171  -4.7066e-004      0.446 
  49   34   36  1    +0.1834    +0.1789    +0.1795  -5.6004e-004      0.436 
 152   99  100  1    -0.1015    -0.1047    -0.1045  -2.2234e-004      0.435 
 289   74   75  4    -0.2446    -0.2503    -0.2497  -5.5843e-004      0.429 
 195   14   15  4    +0.1083    +0.1051    +0.1042  +8.4589e-004      0.428 
  66   42   49  1    -0.2929    -0.2924    -0.2914  -9.9121e-004      0.425 
 298   81   80  4    +0.7873    +0.7735    +0.7725  +9.5347e-004      0.417 
 224   33   37  4    +0.0113    +0.0079    +0.0083  -3.9908e-004      0.408 
 193   12   14  4    +0.0956    +0.0978    +0.0975  +2.8567e-004      0.407 
  26   15   19  1    -0.2941    -0.2832    -0.2827  -4.5312e-004      0.406 
 220   15   33  4    +0.0412    +0.0394    +0.0398  -4.2000e-004      0.397 
 115   69   77  1    +0.5684    +0.5794    +0.5776  +1.8000e-003      0.396 
 266   63   59  4    -0.8254    -0.8392    -0.8377  -1.4675e-003      0.371 
  41   23   32  1    +0.5926    +0.5890    +0.5903  -1.3042e-003      0.365 
  89   61   62  1    +0.1588    +0.1627    +0.1621  +5.9093e-004      0.359 
 267   63   64  4    +0.8254    +0.8139    +0.8132  +6.7168e-004      0.359 
 254   56   57  4    +0.1231    +0.1191    +0.1194  -3.7173e-004      0.346 
 148   94  100  1    +0.0944    +0.0918    +0.0916  +1.9860e-004      0.344 
 104   69   70  1    +0.1837    +0.1850    +0.1844  +6.1479e-004      0.343 
 313   92   93  4    -0.1478    -0.1493    -0.1488  -4.6975e-004      0.342 
 283   24   72  4    +0.9380    +0.9251    +0.9273  -2.1707e-003      0.336 
 255   50   57  4    -0.1580    -0.1580    -0.1587  +6.1766e-004      0.336 
  35   28   29  1    +0.2121    +0.2067    +0.2072  -5.1419e-004      0.326 
 245   49   50  4    -0.1437    -0.1436    -0.1439  +3.0474e-004      0.325 
 240   46   48  4    -0.0536    -0.0520    -0.0515  -5.2010e-004      0.324 
 244   48   49  4    +0.1011    +0.0980    +0.0982  -1.8267e-004      0.322 
 297   68   81  4    -0.1049    -0.1059    -0.1060  +5.1348e-005      0.319 
 105   24   70  1    +0.1669    +0.1684    +0.1676  +7.7341e-004      0.316 
  32   26   25  1    +0.3362    +0.3287    +0.3286  +8.9343e-005      0.299 
 284   71   72  4    +0.1026    +0.0999    +0.0997  +1.8683e-004      0.287 
  74   49   54  1    +0.5292    +0.5273    +0.5287  -1.3313e-003      0.285 
 227   38   37  4    +0.5985    +0.5835    +0.5842  -7.1625e-004      0.276 
 131   85   89  1    -0.4607    -0.4618    -0.4607  -1.1085e-003      0.268 
  69   49   50  1    +0.3510    +0.3566    +0.3571  -4.8396e-004      0.267 
  79   50   57  1    +0.2318    +0.2240    +0.2245  -5.1340e-004      0.265 
 315   93   94  4    -0.2108    -0.2181    -0.2177  -4.2979e-004      0.257 
 124   82   83  1    -0.8207    -0.8101    -0.8106  +4.7036e-004      0.255 
 318   82   96  4    -0.3743    -0.3829    -0.3835  +6.2668e-004      0.250 
 134   90   91  1    -0.0296    -0.0296    -0.0295  -9.0395e-005      0.248 
  78   56   57  1    -0.1457    -0.1511    -0.1513  +2.4252e-004      0.244 
 316   94   95  4    +0.2989    +0.2989    +0.2994  -4.6941e-004      0.240 
 325   95   96  4    +0.0843    +0.0840    +0.0842  -2.0070e-004      0.211 
  39   17   31  1    -0.8690    -0.8675    -0.8662  -1.3182e-003      0.209 
 329  100  101  4    +0.3236    +0.3306    +0.3301  +5.0682e-004      0.204 
 253   55   56  4    -0.1228    -0.1230    -0.1228  -1.1144e-004      0.197 
 282   70   71  4    +0.3184    +0.3295    +0.3295  +6.8872e-005      0.192 
 221   19   34  4    -0.0338    -0.0365    -0.0361  -3.2966e-004      0.190 
 145   80   98  1    -0.1129    -0.1165    -0.1166  +1.5786e-004      0.190 
  93   38   65  1    -0.3784    -0.3712    -0.3715  +3.5772e-004      0.179 
  60   34   43  1    +0.1911    +0.1915    +0.1913  +2.5554e-004      0.166 
 151   98  100  1    -0.3463    -0.3454    -0.3459  +5.3723e-004      0.158 
 277   47   69  4    +0.6844    +0.6851    +0.6842  +9.1615e-004      0.155 
   8    8    5  1    +2.4172    +2.3855    +2.3870  -1.4986e-003      0.151 
 314   92   94  4    -0.1724    -0.1765    -0.1761  -3.7408e-004      0.148 
 261   59   60  4    +0.6833    +0.6864    +0.6855  +8.4837e-004      0.146 
  59   43   44  1    +0.0664    +0.0669    +0.0668  +1.6447e-004      0.143 
  61   44   45  1    -0.0432    -0.0395    -0.0396  +4.3009e-005      0.123 
 135   89   92  1    +2.2717    +2.2507    +2.2491  +1.5266e-003      0.121 
 331  101  102  4    +0.2377    +0.2354    +0.2352  +1.8010e-004      0.116 
  87   60   61  1    -0.7311    -0.7472    -0.7476  +3.9103e-004      0.116 
 301   83   84  4    +0.1578    +0.1616    +0.1618  -2.3324e-004      0.111 
 187    5   11  4    -0.0500    -0.0470    -0.0471  +1.2355e-004      0.099 
  50   34   37  1    -0.5704    -0.5772    -0.5773  +1.5125e-004      0.090 
 280   69   70  4    +0.1646    +0.1656    +0.1655  +1.8231e-004      0.089 
 133   89   90  1    +0.5916    +0.5935    +0.5933  +1.9765e-004      0.081 
 136   91   92  1    +0.4024    +0.3946    +0.3948  -2.1362e-004      0.076 
 303   84   85  4    +0.1136    +0.1126    +0.1126  -5.7908e-005      0.074 
  42   31   32  1    -0.1480    -0.1484    -0.1484  +8.1156e-005      0.060 
 233   40   42  4    -0.2519    -0.2555    -0.2557  +1.6999e-004      0.060 
 271   49   66  4    +0.5377    +0.5314    +0.5313  +1.2992e-004      0.057 
  68   48   49  1    -0.1117    -0.1114    -0.1113  -3.1026e-005      0.051 
  30   23   24  1    -0.6294    -0.6279    -0.6280  +5.8876e-005      0.048 
  64   46   48  1    +0.0254    +0.0214    +0.0214  -4.8449e-005      0.038 
 228   37   39  4    +0.4244    +0.4335    +0.4336  -1.0023e-004      0.036 
 230   30   38  4    -0.4024    -0.4013    -0.4013  -6.7282e-005      0.031 
 102   49   69  1    -0.6360    -0.6390    -0.6388  -1.4888e-004      0.026 
 330   92  102  4    -0.2228    -0.2249    -0.2249  -1.9662e-005      0.026 
 256   56   58  4    +0.1073    +0.1053    +0.1053  +2.4616e-005      0.020 
  18   13   15  1    -0.6887    -0.6913    -0.6913  -6.9644e-005      0.013 
 231   39   40  4    +0.3453    +0.3405    +0.3405  +6.9136e-006      0.006 
  40   29   31  1    +0.0471    +0.0445    +0.0445  +1.1840e-006      0.005 
 257   51   58  4    -0.1328    -0.1323    -0.1323  -2.0166e-006      0.002 
 350   12  117  4    +0.0160    +0.0129    +0.0129  +6.9457e-010      0.000 
 343  110  112  4    -0.3490    -0.3568    -0.3568  -4.0400e-009      0.000 
 342  110  111  4    -0.1668    -0.1687    -0.1687  -4.1760e-009      0.000 
 305   86   87  4    -0.2203    -0.2182    -0.2182  -4.7604e-009      0.000 
 304   85   86  4    -0.1646    -0.1726    -0.1726  -1.8232e-009      0.000 
 285   71   73  4    +0.2065    +0.2017    +0.2017  +3.2100e-008      0.000 
 185    9   10  4    -0.7457    -0.7419    -0.7419  -1.4938e-008      0.000 
 183    8    9  4    -2.0135    -2.0353    -2.0353  -5.1352e-008      0.000 
 174   12  117  1    +0.1376    +0.1320    +0.1320  +1.9943e-009      0.000 
 173   68  116  1    -1.2418    -1.2581    -1.2581  -3.3290e-008      0.000 
 167  110  112  1    +0.0672    +0.0624    +0.0624  -3.1578e-009      0.000 
 166  110  111  1    -0.2979    -0.3051    -0.3051  +7.6767e-010      0.000 
 129   86   87  1    -0.4927    -0.4969    -0.4968  -3.0684e-009      0.000 
 128   85   86  1    -0.3439    -0.3424    -0.3424  -1.9409e-008      0.000 
 109   71   73  1    -0.2578    -0.2624    -0.2624  -1.2140e-007      0.000 
   9    9   10  1    -0.9979    -1.0079    -1.0079  -5.2731e-009      0.000 
   7    8    9  1    -0.9916    -1.0090    -1.0090  -1.8739e-008      0.000 
----------------------------------------------------------------------------------
Possível erro grosseiro no medidor 22!
Medida crítica    7!
Medida crítica    9!
Medida crítica  109!
Medida crítica  128!
Medida crítica  129!
Medida crítica  166!
Medida crítica  167!
Medida crítica  173!
Medida crítica  174!
Medida crítica  183!
Medida crítica  185!
Medida crítica  285!
Medida crítica  304!
Medida crítica  305!
Medida crítica  342!
Medida crítica  343!
Medida crítica  349!
Medida crítica  350!
Possíveis conjuntos críticos:
Conjunto 1: 330 102
Conjunto 2: 233 42
Conjunto 3: 87 331
Conjunto 4: 145 221
Conjunto 5: 39 325
Conjunto 6: 79 69
Conjunto 7: 69 131
Conjunto 8: 74 284
Conjunto 9: 105 297
Conjunto 10: 244 240 245
Conjunto 11: 240 245 35
Conjunto 12: 245 35
Conjunto 13: 255 283
Conjunto 14: 313 104 148
Conjunto 15: 104 148 254
Conjunto 16: 148 254
Conjunto 17: 267 89
Conjunto 18: 115 220
Conjunto 19: 26 193 224
Conjunto 20: 193 224
Conjunto 21: 66 195
Conjunto 22: 195 289
Conjunto 23: 152 49
Conjunto 24: 43 34
Conjunto 25: 286 146 234
Conjunto 26: 146 234
Conjunto 27: 321 232
Conjunto 28: 232 332
Conjunto 29: 332 229
Conjunto 30: 165 161
Conjunto 31: 269 163 258
Conjunto 32: 163 258
Conjunto 33: 88 132
Conjunto 34: 276 72 142
Conjunto 35: 72 142
Conjunto 36: 65 326
Conjunto 37: 130 126
Conjunto 38: 126 200
Conjunto 39: 320 199 36
Conjunto 40: 199 36
Conjunto 41: 100 47 171 51
Conjunto 42: 47 171 51
Conjunto 43: 171 51 96
Conjunto 44: 51 96
Conjunto 45: 96 162 54
Conjunto 46: 162 54
Conjunto 47: 299 98
Conjunto 48: 98 125 46
Conjunto 49: 125 46 160
Conjunto 50: 46 160
Conjunto 51: 160 127
Conjunto 52: 127 172
Conjunto 53: 170 71
Conjunto 54: 71 107 106
Conjunto 55: 107 106
Conjunto 56: 106 108
Conjunto 57: 108 242 21
Conjunto 58: 242 21
Conjunto 59: 21 317 190
Conjunto 60: 317 190 12 144
Conjunto 61: 190 12 144
Conjunto 62: 12 144
Conjunto 63: 236 235 237 250
Conjunto 64: 235 237 250 17
Conjunto 65: 237 250 17
Conjunto 66: 250 17
Conjunto 67: 17 252 52 55
Conjunto 68: 252 52 55 16 63 19
Conjunto 69: 52 55 16 63 19
Conjunto 70: 55 16 63 19
Conjunto 71: 16 63 19
Conjunto 72: 63 19
Conjunto 73: 207 311
Conjunto 74: 67 219
Conjunto 75: 37 179 322
Conjunto 76: 179 322 243 346
Conjunto 77: 322 243 346 348
Conjunto 78: 243 346 348
Conjunto 79: 346 348 262
Conjunto 80: 348 262 347
Conjunto 81: 262 347
Conjunto 82: 328 208 302
Conjunto 83: 208 302
Conjunto 84: 116 62
Conjunto 85: 319 307 33 140 278
Conjunto 86: 307 33 140 278 149
Conjunto 87: 33 140 278 149
Conjunto 88: 140 278 149 251 76
Conjunto 89: 278 149 251 76
Conjunto 90: 149 251 76
Conjunto 91: 251 76 290
Conjunto 92: 76 290
Conjunto 93: 290 94
Conjunto 94: 334 206
Conjunto 95: 186 241 77
Conjunto 96: 241 77 143
Conjunto 97: 77 143
Conjunto 98: 143 84
Conjunto 99: 84 80 81 239
Conjunto 100: 80 81 239 202 214
Conjunto 101: 81 239 202 214
Conjunto 102: 239 202 214 197 101
Conjunto 103: 202 214 197 101
Conjunto 104: 214 197 101
Conjunto 105: 197 101
Conjunto 106: 351 24 23
Conjunto 107: 24 23
Conjunto 108: 209 31 300
Conjunto 109: 31 300
Conjunto 110: 99 344 352
Conjunto 111: 344 352 194
Conjunto 112: 352 194 192 5
Conjunto 113: 194 192 5
Conjunto 114: 192 5
Conjunto 115: 153 155 333
Conjunto 116: 155 333
Conjunto 117: 333 323 154 288
Conjunto 118: 323 154 288 169
Conjunto 119: 154 288 169
Conjunto 120: 288 169
Conjunto 121: 169 85 279
Conjunto 122: 85 279
Conjunto 123: 279 97
Conjunto 124: 97 122
Conjunto 125: 122 6
Conjunto 126: 6 86
Conjunto 127: 86 345
Conjunto 128: 238 121 75
Conjunto 129: 121 75
Conjunto 130: 83 218
Conjunto 131: 1 2 217
Conjunto 132: 2 217 57
Conjunto 133: 217 57 13
Conjunto 134: 57 13
Conjunto 135: 137 139
Conjunto 136: 139 168
Conjunto 137: 141 259
Conjunto 138: 56 246 58 11
Conjunto 139: 246 58 11
Conjunto 140: 58 11
Conjunto 141: 205 4
Conjunto 142: 4 45 118 215 247
Conjunto 143: 45 118 215 247 120
Conjunto 144: 118 215 247 120
Conjunto 145: 215 247 120
Conjunto 146: 247 120
Conjunto 147: 308 281 110
Conjunto 148: 281 110
Conjunto 149: 110 306
Conjunto 150: 306 248 188 147 113
Conjunto 151: 248 188 147 113 249
Conjunto 152: 188 147 113 249 268
Conjunto 153: 147 113 249 268 29 117
Conjunto 154: 113 249 268 29 117
Conjunto 155: 249 268 29 117
Conjunto 156: 268 29 117
Conjunto 157: 29 117
Conjunto 158: 204 324
Conjunto 159: 324 309 310 312
Conjunto 160: 309 310 312
Conjunto 161: 310 312
Conjunto 162: 48 44 177 178
Conjunto 163: 44 177 178
Conjunto 164: 177 178 92
Conjunto 165: 178 92 189
Conjunto 166: 92 189 28 201 25
Conjunto 167: 189 28 201 25
Conjunto 168: 28 201 25
Conjunto 169: 201 25 349
Conjunto 170: 25 349
Conjunto 171: 349 226 27
Conjunto 172: 226 27 111
Conjunto 173: 27 111
Conjunto 174: 103 260
Conjunto 175: 223 222 82 119
Conjunto 176: 222 82 119
Conjunto 177: 82 119
Conjunto 178: 225 112 270
Conjunto 179: 112 270
Conjunto 180: 196 273
Conjunto 181: 275 191 114
Conjunto 182: 191 114
Conjunto 183: 157 212 176 182 175
Conjunto 184: 212 176 182 175
Conjunto 185: 176 182 175
Conjunto 186: 182 175
Conjunto 187: 198 14 158 138 156
Conjunto 188: 14 158 138 156
Conjunto 189: 158 138 156
Conjunto 190: 138 156 10 292 210
Conjunto 191: 156 10 292 210
Conjunto 192: 10 292 210 211
Conjunto 193: 292 210 211
Conjunto 194: 210 211
Conjunto 195: 211 216
Conjunto 196: 216 3
Conjunto 197: 340 291
Conjunto 198: 335 296 336 338 294
Conjunto 199: 296 336 338 294
Conjunto 200: 336 338 294
Conjunto 201: 338 294
Conjunto 202: 294 274
Conjunto 203: 274 341 339 337
Conjunto 204: 341 339 337 90 213 184
Conjunto 205: 339 337 90 213 184
Conjunto 206: 337 90 213 184
Conjunto 207: 90 213 184
Conjunto 208: 213 184
Medidas com alta correlação: 165 e 161 
Medidas com alta correlação: 153 e 155 
Medidas com alta correlação: 213 e 184 
Medidas com alta correlação: 213 e 184 
Medidas com alta correlação: 213 e 184 
Medidas com alta correlação: 213 e 184 
Medidas com alta correlação: 213 e 184 
