================================================================================= 
=== UFF - Doutorado em Computação - Aplicaçoes em Sistemas de Potencia        === 
=== ESTIMADOR DE ESTADO MÍNIMOS QUADRADOS PONDERADOS INCLUINDO MEDIDAS DE PMU === 
=== Desenvolvido por: Rui Menezes de Moraes - 2009                            === 
================================================================================= 
Arquivo de medidores:          .\med\S1_CS5_352M_EGS5.med
Arquivo do sistema:            .\sist\ieee118_SP_JML.cdf
Tolerância entre iteraçoes:    1.00e-005
Limite de iteraçoes:           100

--- DADOS DA REDE --------------------------------------------------------------- 
Data do caso:                  08/25/93
Origem:                        UW ARCHIVE          
MVA base:                      100
Ano:                           1961
Estação:                       W
Identificação:                 IEEE 118 Bus Test Case
Número de barras:              118 
Número de ramos:               179 
Referência na barra:           69

--- TELEMEDIDAS ------------------------------------------------------------------
    Tipo 1 = Fluxo de potencia ativa        Tipo  6 = Módulo da tensão            
    Tipo 2 = Injeção de potencia ativa      Tipo  7 = Corrente de ramo (real)     
    Tipo 3 = Ângulo de fase da tensão       Tipo  8 = Corrente de ramo (imag)     
    Tipo 4 = Fluxo de potencia reativa      Tipo  9 = Injeção de corrente (real)  
    Tipo 5 = Injeção de potencia reativa    Tipo 10 = Injeção de corrente (imag)  
----------------------------------------------------------------------------------
   N    D    P TP  PN ST   Exa   FS       DP      V_Ref      V_Med          E(%) 
----------------------------------------------------------------------------------
   1    1    2  1   0  0 0.020 01.0  0.00205   -0.04743   -0.05246    +10.605102 
   2    1    3  1   0  0 0.020 01.0  0.00374   -0.30057   -0.29426     -2.099345 
   3    4    5  1   0  0 0.020 01.0  0.00307   -0.19976   -0.20808     +4.164998 
   4    3    5  1   0  0 0.020 01.0  0.00539   -0.54870   -0.56029     +2.112265 
   5    5    6  1   0  0 0.020 01.0  0.00655   +0.72249   +0.71212     -1.435314 
   6    6    7  1   0  0 0.020 01.0  0.00447   +0.41029   +0.41201     +0.419216 
   7    8    9  1   0  0 0.020 01.0  0.00834   -0.99161   -1.00900     +1.753714 
   8    8    5  1   0  0 0.020 01.0  0.01785   +2.41719   +2.38552     -1.310199 
   9    9   10  1   0  0 0.020 01.0  0.00839   -0.99787   -1.00794     +1.009149 
  10    4   11  1   0  0 0.020 01.0  0.00795   +0.93276   +0.91535     -1.866504 
  11    5   11  1   0  0 0.020 01.0  0.00795   +0.93236   +0.94753     +1.627054 
  12   11   12  1   0  0 0.020 01.0  0.00395   -0.33254   -0.33933     +2.041860 
  13    2   12  1   0  0 0.020 01.0  0.00297   -0.18506   -0.18333     -0.934832 
  14    3   12  1   0  0 0.020 01.0  0.00186   -0.01927   -0.01757     -8.822003 
  15    7   12  1   0  0 0.020 01.0  0.00359   +0.27834   +0.28441     +2.180786 
  16   11   13  1   0  0 0.020 01.0  0.01299   +1.68886   +1.69394     +0.300795 
  17   12   14  1   0  0 0.020 01.0  0.00249   -0.11291   -0.11370     +0.699672 
  18   13   15  1   0  0 0.020 01.0  0.00632   -0.68869   -0.69133     +0.383336 
  19   14   15  1   0  0 0.020 01.0  0.00313   -0.20936   -0.20969     +0.157623 
  20   12   16  1   0  0 0.020 01.0  0.00380   -0.31032   -0.31146     +0.367363 
  21   15   17  1   0  0 0.020 01.0  0.01090   -1.37497   -1.37528     +0.022546 
  22   16   17  1   0  0 0.020 01.0  0.00496   -0.48353   -0.48330     -0.047567 
  23   17   18  1   0  0 0.020 01.0  0.00623   +0.67422   +0.67490     +0.100857 
  24   18   19  1   0  0 0.020 01.0  0.00380   +0.30938   +0.30566     -1.202405 
  25   19   20  1   0  0 0.020 01.0  0.00442   -0.40278   -0.40998     +1.787576 
  26   15   19  1   0  0 0.020 01.0  0.00369   -0.29413   -0.28320     -3.716044 
  27   20   21  1   0  0 0.020 01.0  0.00526   -0.52982   -0.53350     +0.694576 
  28   21   22  1   0  0 0.020 01.0  0.00594   -0.63067   -0.62084     -1.558660 
  29   22   23  1   0  0 0.020 01.0  0.00644   -0.70622   -0.71631     +1.428733 
  30   23   24  1   0  0 0.020 01.0  0.00593   -0.62945   -0.62790     -0.246247 
  31   23   25  1   0  0 0.020 01.0  0.00662   -0.73245   -0.72589     -0.895624 
  32   26   25  1   0  0 0.020 01.0  0.00398   +0.33620   +0.32870     -2.230815 
  33   25   27  1   0  0 0.020 01.0  0.00571   +0.59664   +0.58622     -1.746447 
  34   27   28  1   0  0 0.020 01.0  0.00393   +0.32992   +0.33362     +1.121484 
  35   28   29  1   0  0 0.020 01.0  0.00315   +0.21213   +0.20673     -2.545609 
  36   30   17  1   0  0 0.020 01.0  0.00774   +0.90165   +0.90396     +0.256197 
  37    8   30  1   0  0 0.020 01.0  0.00584   -0.61657   -0.62712     +1.711079 
  38   26   30  1   0  0 0.020 01.0  0.01949   +2.66380   +2.63512     -1.076657 
  39   17   31  1   0  0 0.020 01.0  0.00753   -0.86903   -0.86747     -0.179510 
  40   29   31  1   0  0 0.020 01.0  0.00205   +0.04708   +0.04447     -5.543755 
  41   23   32  1   0  0 0.020 01.0  0.00568   +0.59257   +0.58904     -0.595710 
  42   31   32  1   0  0 0.020 01.0  0.00272   -0.14800   -0.14836     +0.243243 
  43   27   32  1   0  0 0.020 01.0  0.00467   +0.44117   +0.44060     -0.129202 
  44   15   33  1   0  0 0.020 01.0  0.00285   +0.16832   +0.17679     +5.032082 
  45   19   34  1   0  0 0.020 01.0  0.00279   +0.15875   +0.15538     -2.122835 
  46   35   36  1   0  0 0.020 01.0  0.00187   -0.02061   -0.01749    -15.138282 
  47   35   37  1   0  0 0.020 01.0  0.00310   -0.20439   -0.20479     +0.195704 
  48   33   37  1   0  0 0.020 01.0  0.00180   +0.01025   +0.01180    +15.121951 
  49   34   36  1   0  0 0.020 01.0  0.00296   +0.18338   +0.17891     -2.437561 
  50   34   37  1   0  0 0.020 01.0  0.00554   -0.57038   -0.57717     +1.190434 
  51   38   37  1   0  0 0.020 01.0  0.01141   +1.45150   +1.45300     +0.103341 
  52   37   39  1   0  0 0.020 01.0  0.00421   +0.37213   +0.36918     -0.792734 
  53   37   40  1   0  0 0.020 01.0  0.00382   +0.31291   +0.31669     +1.208015 
  54   30   38  1   0  0 0.020 01.0  0.00892   +1.07800   +1.07962     +0.150278 
  55   39   40  1   0  0 0.020 01.0  0.00292   +0.17839   +0.18339     +2.802848 
  56   40   41  1   0  0 0.020 01.0  0.00343   +0.25395   +0.24828     -2.232723 
  57   40   42  1   0  0 0.020 01.0  0.00220   +0.06972   +0.07159     +2.682157 
  58   41   42  1   0  0 0.020 01.0  0.00174   -0.00063   -0.00234   +271.428571 
  59   43   44  1   0  0 0.020 01.0  0.00218   +0.06643   +0.06695     +0.782779 
  60   34   43  1   0  0 0.020 01.0  0.00301   +0.19107   +0.19153     +0.240749 
  61   44   45  1   0  0 0.020 01.0  0.00202   -0.04318   -0.03953     -8.452987 
  62   45   46  1   0  0 0.020 01.0  0.00329   -0.23397   -0.22743     -2.795230 
  63   46   47  1   0  0 0.020 01.0  0.00275   -0.15231   -0.15220     -0.072221 
  64   46   48  1   0  0 0.020 01.0  0.00190   +0.02542   +0.02139    -15.853659 
  65   47   49  1   0  0 0.020 01.0  0.00369   +0.29401   +0.28620     -2.656372 
  66   42   49  1   0  0 0.020 01.0  0.00369   -0.29294   -0.29240     -0.184338 
  67   45   49  1   0  0 0.020 01.0  0.00288   -0.17127   -0.17388     +1.523910 
  68   48   49  1   0  0 0.020 01.0  0.00248   -0.11165   -0.11137     -0.250784 
  69   49   50  1   0  0 0.020 01.0  0.00407   +0.35103   +0.35662     +1.592456 
  70   49   51  1   0  0 0.020 01.0  0.00464   +0.43652   +0.44062     +0.939247 
  71   51   52  1   0  0 0.020 01.0  0.00303   +0.19523   +0.19053     -2.407417 
  72   52   53  1   0  0 0.020 01.0  0.00221   +0.07149   +0.06954     -2.727654 
  73   53   54  1   0  0 0.020 01.0  0.00231   -0.08587   -0.08407     -2.096192 
  74   49   54  1   0  0 0.020 01.0  0.00526   +0.52916   +0.52734     -0.343941 
  75   54   55  1   0  0 0.020 01.0  0.00189   +0.02339   +0.02643    +12.997007 
  76   54   56  1   0  0 0.020 01.0  0.00242   +0.10285   +0.10657     +3.616918 
  77   55   56  1   0  0 0.020 01.0  0.00223   -0.07406   -0.07274     -1.782339 
  78   56   57  1   0  0 0.020 01.0  0.00270   -0.14566   -0.15108     +3.720994 
  79   50   57  1   0  0 0.020 01.0  0.00328   +0.23179   +0.22395     -3.382372 
  80   56   58  1   0  0 0.020 01.0  0.00196   -0.03331   -0.03663     +9.966977 
  81   51   58  1   0  0 0.020 01.0  0.00251   +0.11639   +0.11344     -2.534582 
  82   54   59  1   0  0 0.020 01.0  0.00285   -0.16795   -0.17418     +3.709437 
  83   56   59  1   0  0 0.020 01.0  0.00371   -0.29572   -0.29285     -0.970513 
  84   55   59  1   0  0 0.020 01.0  0.00296   -0.18381   -0.18141     -1.305696 
  85   59   60  1   0  0 0.020 01.0  0.00340   -0.24947   -0.25520     +2.296869 
  86   59   61  1   0  0 0.020 01.0  0.00378   -0.30715   -0.31528     +2.646915 
  87   60   61  1   0  0 0.020 01.0  0.00661   -0.73114   -0.74722     +2.199305 
  88   60   62  1   0  0 0.020 01.0  0.00217   -0.06628   -0.06889     +3.937839 
  89   61   62  1   0  0 0.020 01.0  0.00279   +0.15882   +0.16274     +2.468203 
  90   63   59  1   0  0 0.020 01.0  0.01234   +1.59036   +1.56980     -1.292789 
  91   63   64  1   0  0 0.020 01.0  0.01234   -1.59036   -1.57602     -0.901683 
  92   64   61  1   0  0 0.020 01.0  0.00652   +0.71781   +0.70747     -1.440493 
  93   38   65  1   0  0 0.020 01.0  0.00426   -0.37841   -0.37116     -1.915911 
  94   64   65  1   0  0 0.020 01.0  0.01716   -2.31343   -2.29094     -0.972150 
  95   49   66  1   0  0 0.020 01.0  0.00951   -1.16662   -1.17144     +0.413159 
  96   62   66  1   0  0 0.020 01.0  0.00314   -0.21060   -0.20610     -2.136752 
  97   62   67  1   0  0 0.020 01.0  0.00256   -0.12362   -0.11852     -4.125546 
  98   65   66  1   0  0 0.020 01.0  0.01293   +1.68006   +1.68890     +0.526172 
  99   66   67  1   0  0 0.020 01.0  0.00386   +0.31940   +0.32474     +1.671885 
 100   65   68  1   0  0 0.020 01.0  0.02898   -4.08705   -4.07803     -0.220697 
 101   47   69  1   0  0 0.020 01.0  0.00627   -0.68076   -0.67871     -0.301134 
 102   49   69  1   0  0 0.020 01.0  0.00597   -0.63603   -0.63896     +0.460670 
 103   68   69  1   0  0 0.020 01.0  0.02158   -2.97636   -3.03946     +2.120039 
 104   69   70  1   0  0 0.020 01.0  0.00296   +0.18371   +0.21921    +19.323934 
 105   24   70  1   0  0 0.020 01.0  0.00285   +0.16693   +0.16836     +0.856646 
 106   70   71  1   0  0 0.020 01.0  0.00531   -0.53596   -0.52757     -1.565415 
 107   24   72  1   0  0 0.020 01.0  0.00246   +0.10892   +0.10537     -3.259273 
 108   71   72  1   0  0 0.020 01.0  0.00362   -0.28225   -0.28430     +0.726306 
 109   71   73  1   0  0 0.020 01.0  0.00345   -0.25783   -0.26244     +1.788000 
 110   70   74  1   0  0 0.020 01.0  0.00368   +0.29222   +0.28563     -2.255150 
 111   70   75  1   0  0 0.020 01.0  0.00333   +0.24025   +0.24598     +2.385016 
 112   69   75  1   0  0 0.020 01.0  0.00501   +0.49100   +0.48175     -1.883910 
 113   74   75  1   0  0 0.020 01.0  0.00258   -0.12690   -0.12503     -1.473601 
 114   76   77  1   0  0 0.020 01.0  0.00284   -0.16658   -0.16667     +0.054028 
 115   69   77  1   0  0 0.020 01.0  0.00552   +0.56839   +0.57937     +1.931772 
 116   75   77  1   0  0 0.020 01.0  0.00193   -0.02885   -0.02335    -19.064125 
 117   77   78  1   0  0 0.020 01.0  0.00751   +0.86676   +0.85049     -1.877106 
 118   78   79  1   0  0 0.020 01.0  0.00426   +0.37848   +0.38148     +0.792644 
 119   77   80  1   0  0 0.020 01.0  0.00410   -0.35546   -0.36115     +1.600743 
 120   79   80  1   0  0 0.020 01.0  0.00246   +0.10943   +0.10300     -5.875902 
 121   68   81  1   0  0 0.020 01.0  0.00246   +0.10880   +0.11073     +1.773897 
 122   81   80  1   0  0 0.020 01.0  0.00246   +0.10859   +0.10533     -3.002118 
 123   77   82  1   0  0 0.020 01.0  0.00362   -0.28268   -0.28887     +2.189755 
 124   82   83  1   0  0 0.020 01.0  0.00720   -0.82067   -0.81013     -1.284316 
 125   83   84  1   0  0 0.020 01.0  0.00423   -0.37450   -0.36718     -1.954606 
 126   83   85  1   0  0 0.020 01.0  0.00568   -0.59138   -0.59326     +0.317901 
 127   84   85  1   0  0 0.020 01.0  0.00480   -0.46001   -0.46554     +1.202148 
 128   85   86  1   0  0 0.020 01.0  0.00403   -0.34390   -0.34236     -0.447805 
 129   86   87  1   0  0 0.020 01.0  0.00502   -0.49270   -0.49685     +0.842298 
 130   85   88  1   0  0 0.020 01.0  0.00396   -0.33329   -0.32769     -1.680218 
 131   85   89  1   0  0 0.020 01.0  0.00480   -0.46067   -0.46181     +0.247466 
 132   88   89  1   0  0 0.020 01.0  0.00616   -0.66389   -0.66910     +0.784769 
 133   89   90  1   0  0 0.020 01.0  0.00568   +0.59164   +0.59347     +0.309310 
 134   90   91  1   0  0 0.020 01.0  0.00193   -0.02958   -0.02963     +0.169033 
 135   89   92  1   0  0 0.020 01.0  0.01688   +2.27174   +2.25067     -0.927483 
 136   91   92  1   0  0 0.020 01.0  0.00442   +0.40240   +0.39456     -1.948310 
 137   92   93  1   0  0 0.020 01.0  0.00638   +0.69689   +0.70176     +0.698819 
 138   92   94  1   0  0 0.020 01.0  0.00613   +0.65949   +0.67769     +2.759708 
 139   93   94  1   0  0 0.020 01.0  0.00575   +0.60307   +0.59098     -2.004742 
 140   94   95  1   0  0 0.020 01.0  0.00523   +0.52439   +0.51849     -1.125117 
 141   80   96  1   0  0 0.020 01.0  0.00334   -0.24167   -0.23956     -0.873091 
 142   82   96  1   0  0 0.020 01.0  0.00284   +0.16540   +0.15836     -4.256348 
 143   94   96  1   0  0 0.020 01.0  0.00447   +0.41051   +0.41080     +0.070644 
 144   80   97  1   0  0 0.020 01.0  0.00301   -0.19117   -0.19422     +1.595439 
 145   80   98  1   0  0 0.020 01.0  0.00249   -0.11293   -0.11646     +3.125830 
 146   80   99  1   0  0 0.020 01.0  0.00379   -0.30906   -0.31132     +0.731250 
 147   92  100  1   0  0 0.020 01.0  0.00454   +0.42083   +0.41400     -1.622983 
 148   94  100  1   0  0 0.020 01.0  0.00236   +0.09442   +0.09184     -2.732472 
 149   95   96  1   0  0 0.020 01.0  0.00329   +0.23295   +0.22761     -2.292337 
 150   96   97  1   0  0 0.020 01.0  0.00371   +0.29641   +0.30276     +2.142303 
 151   98  100  1   0  0 0.020 01.0  0.00404   -0.34625   -0.34541     -0.242599 
 152   99  100  1   0  0 0.020 01.0  0.00241   -0.10152   -0.10469     +3.122537 
 153  100  101  1   0  0 0.020 01.0  0.00381   -0.31185   -0.30945     -0.769601 
 154   92  102  1   0  0 0.020 01.0  0.00513   +0.51028   +0.51074     +0.090147 
 155  101  102  1   0  0 0.020 01.0  0.00485   -0.46677   -0.47946     +2.718684 
 156  100  103  1   0  0 0.020 01.0  0.00292   +0.17774   +0.17968     +1.091482 
 157  100  104  1   0  0 0.020 01.0  0.00231   +0.08627   +0.08226     -4.648198 
 158  103  104  1   0  0 0.020 01.0  0.00212   +0.05837   +0.06260     +7.246873 
 159  100  106  1   0  0 0.020 01.0  0.00256   +0.12395   +0.12033     -2.920532 
 160  105  107  1   0  0 0.020 01.0  0.00180   -0.01007   -0.01159    +15.094340 
 161  105  108  1   0  0 0.020 01.0  0.00196   +0.03421   +0.03422     +0.029231 
 162  106  107  1   0  0 0.020 01.0  0.00204   -0.04679   -0.05138     +9.809788 
 163  108  109  1   0  0 0.020 01.0  0.00187   +0.02016   +0.02029     +0.644841 
 164  103  110  1   0  0 0.020 01.0  0.00221   +0.07136   +0.07013     -1.723655 
 165  109  110  1   0  0 0.020 01.0  0.00197   -0.03484   -0.02923    -16.102181 
 166  110  111  1   0  0 0.020 01.0  0.00372   -0.29788   -0.30511     +2.427152 
 167  110  112  1   0  0 0.020 01.0  0.00218   +0.06715   +0.06241     -7.058824 
 168   17  113  1   0  0 0.020 01.0  0.00753   -0.86903   -0.87131     +0.262361 
 169   32  113  1   0  0 0.020 01.0  0.00601   +0.64188   +0.63271     -1.428616 
 170   32  114  1   0  0 0.020 01.0  0.00256   -0.12436   -0.12937     +4.028627 
 171   27  115  1   0  0 0.020 01.0  0.00394   +0.33111   +0.32125     -2.977862 
 172  114  115  1   0  0 0.020 01.0  0.00293   -0.17954   -0.18604     +3.620363 
 173   68  116  1   0  0 0.020 01.0  0.01001   -1.24177   -1.25809     +1.314253 
 174   12  117  1   0  0 0.020 01.0  0.00265   +0.13757   +0.13196     -4.077924 
 175   75  118  1   0  0 0.020 01.0  0.00371   +0.29627   +0.28925     -2.369460 
 176   76  118  1   0  0 0.020 01.0  0.00219   -0.06842   -0.07156     +4.589301 
 177    1    2  4   0  0 0.020 01.0  0.00279   -0.15803   -0.16462     +4.170094 
 178    1    3  4   0  0 0.020 01.0  0.00293   -0.17890   -0.18319     +2.397988 
 179    4    5  4   0  0 0.020 01.0  0.01659   +2.22797   +2.18770     -1.807475 
 180    3    5  4   0  0 0.020 01.0  0.00241   -0.10106   -0.10163     +0.564021 
 181    5    6  4   0  0 0.020 01.0  0.00458   +0.42710   +0.41810     -2.107235 
 182    6    7  4   0  0 0.020 01.0  0.00542   -0.55337   -0.56096     +1.371596 
 183    8    9  4   0  0 0.020 01.0  0.01516   -2.01349   -2.03528     +1.082201 
 184    8    5  4   0  0 0.020 01.0  0.00896   -1.08392   -1.08734     +0.315521 
 185    9   10  4   0  0 0.020 01.0  0.00670   -0.74565   -0.74190     -0.502917 
 186    4   11  4   0  0 0.020 01.0  0.00303   +0.19426   +0.19604     +0.916298 
 187    5   11  4   0  0 0.020 01.0  0.00207   -0.04998   -0.04700     -5.962385 
 188   11   12  4   0  0 0.040 02.0  0.00441   -0.40139   -0.40252     +0.281522 
 189    2   12  4   0  0 0.020 01.0  0.00302   -0.19364   -0.20055     +3.568478 
 190    3   12  4   0  0 0.020 01.0  0.00266   -0.13839   -0.13833     -0.043356 
 191    7   12  4   0  0 0.020 01.0  0.00553   -0.57001   -0.57434     +0.759636 
 192   11   13  4   0  0 0.020 01.0  0.00391   +0.32706   +0.32507     -0.608451 
 193   12   14  4   0  0 0.020 01.0  0.00237   +0.09564   +0.09783     +2.289837 
 194   13   15  4   0  0 0.020 01.0  0.00206   +0.04944   +0.04456     -9.870550 
 195   14   15  4   0  0 0.020 01.0  0.00246   +0.10827   +0.10507     -2.955574 
 196   12   16  4   0  0 0.020 01.0  0.00271   +0.14702   +0.14261     -2.999592 
 197   15   17  4   0  0 0.020 01.0  0.00223   +0.07399   +0.07017     -5.162860 
 198   16   17  4   0  0 0.020 01.0  0.00237   +0.09514   +0.09964     +4.729872 
 199   17   18  4   0  0 0.020 01.0  0.00201   +0.04165   +0.04529     +8.739496 
 200   18   19  4   0  0 0.020 01.0  0.00239   +0.09835   +0.09573     -2.663955 
 201   19   20  4   0  0 0.020 01.0  0.00251   +0.11664   +0.12115     +3.866598 
 202   15   19  4   0  0 0.020 01.0  0.00285   +0.16692   +0.16898     +1.234124 
 203   20   21  4   0  0 0.020 01.0  0.00247   +0.11025   +0.11370     +3.129252 
 204   21   22  4   0  0 0.020 01.0  0.00211   +0.05683   +0.05628     -0.967799 
 205   22   23  4   0  0 0.020 01.0  0.00184   +0.01546   +0.01351    -12.613195 
 206   23   24  4   0  0 0.020 01.0  0.00366   +0.28913   +0.29497     +2.019853 
 207   23   25  4   0  0 0.020 01.0  0.00226   -0.07892   -0.07732     -2.027369 
 208   26   25  4   0  0 0.020 01.0  0.02284   -3.16616   -3.18777     +0.682530 
 209   25   27  4   0  0 0.020 01.0  0.00283   -0.16433   -0.16821     +2.361103 
 210   27   28  4   0  0 0.020 01.0  0.00222   -0.07258   -0.06873     -5.304492 
 211   28   29  4   0  0 0.020 01.0  0.00242   -0.10271   -0.09879     -3.816571 
 212   30   17  4   0  0 0.020 01.0  0.00480   -0.46030   -0.45576     -0.986313 
 213    8   30  4   0  0 0.020 01.0  0.00396   -0.33370   -0.33770     +1.198681 
 214   26   30  4   0  0 0.020 01.0  0.01052   -1.31796   -1.32051     +0.193481 
 215   17   31  4   0  0 0.020 01.0  0.00268   +0.14149   +0.13796     -2.494876 
 216   29   31  4   0  0 0.020 01.0  0.00244   -0.10529   -0.10587     +0.550860 
 217   23   32  4   0  0 0.020 01.0  0.00333   -0.23933   -0.23347     -2.448502 
 218   31   32  4   0  0 0.020 01.0  0.00276   +0.15406   +0.15839     +2.810593 
 219   27   32  4   0  0 0.020 01.0  0.00208   -0.05183   -0.05055     -2.469612 
 220   15   33  4   0  0 0.020 01.0  0.00201   +0.04119   +0.03938     -4.394270 
 221   19   34  4   0  0 0.020 01.0  0.00196   -0.03385   -0.03647     +7.740030 
 222   35   36  4   0  0 0.020 01.0  0.00176   -0.00450   -0.00821    +82.444444 
 223   35   37  4   0  0 0.020 01.0  0.00212   -0.05750   -0.05461     -5.026087 
 224   33   37  4   0  0 0.020 01.0  0.00181   +0.01134   +0.00792    -30.158730 
 225   34   36  4   0  0 0.020 01.0  0.00340   +0.25053   +0.25329     +1.101664 
 226   34   37  4   0  0 0.020 01.0  0.00533   +0.53927   +0.52973     -1.769058 
 227   38   37  4   0  0 0.020 01.0  0.00572   +0.59852   +0.58349     -2.511194 
 228   37   39  4   0  0 0.020 01.0  0.00456   +0.42444   +0.43348     +2.129865 
 229   37   40  4   0  0 0.020 01.0  0.00420   +0.37029   +0.37244     +0.580626 
 230   30   38  4   0  0 0.020 01.0  0.00442   -0.40239   -0.40135     -0.258456 
 231   39   40  4   0  0 0.020 01.0  0.00404   +0.34530   +0.34053     -1.381407 
 232   40   41  4   0  0 0.020 01.0  0.00305   -0.19817   -0.20628     +4.092446 
 233   40   42  4   0  0 0.020 01.0  0.00341   -0.25193   -0.25551     +1.421030 
 234   41   42  4   0  0 0.020 01.0  0.00347   -0.26003   -0.26352     +1.342153 
 235   43   44  4   0  0 0.020 01.0  0.00251   -0.11608   -0.11922     +2.705031 
 236   34   43  4   0  0 0.020 01.0  0.00246   -0.10819   -0.10709     -1.016730 
 237   44   45  4   0  0 0.020 01.0  0.00180   +0.00981   +0.00876    -10.703364 
 238   45   46  4   0  0 0.020 01.0  0.00174   -0.00085   -0.00368   +332.941176 
 239   46   47  4   0  0 0.020 01.0  0.00312   +0.20802   +0.20273     -2.543025 
 240   46   48  4   0  0 0.020 01.0  0.00209   -0.05359   -0.05198     -3.004292 
 241   47   49  4   0  0 0.020 01.0  0.00472   -0.44854   -0.44212     -1.431310 
 242   42   49  4   0  0 0.020 01.0  0.00485   -0.46690   -0.46981     +0.623260 
 243   45   49  4   0  0 0.020 01.0  0.00174   +0.00067   +0.00207   +208.955224 
 244   48   49  4   0  0 0.020 01.0  0.00241   +0.10113   +0.09803     -3.065361 
 245   49   50  4   0  0 0.020 01.0  0.00269   -0.14367   -0.14360     -0.048723 
 246   49   51  4   0  0 0.020 01.0  0.00285   -0.16720   -0.17041     +1.919856 
 247   51   52  4   0  0 0.020 01.0  0.00223   -0.07479   -0.07564     +1.136516 
 248   52   53  4   0  0 0.020 01.0  0.00236   -0.09473   -0.09675     +2.132376 
 249   53   54  4   0  0 0.020 01.0  0.00256   -0.12366   -0.12457     +0.735889 
 250   49   54  4   0  0 0.020 01.0  0.00426   -0.37902   -0.37325     -1.522347 
 251   54   55  4   0  0 0.020 01.0  0.00255   +0.12222   +0.11780     -3.616429 
 252   54   56  4   0  0 0.020 01.0  0.00688   +0.77230   +0.76008     -1.582287 
 253   55   56  4   0  0 0.020 01.0  0.00255   -0.12279   -0.12295     +0.130304 
 254   56   57  4   0  0 0.020 01.0  0.00255   +0.12314   +0.11906     -3.313302 
 255   50   57  4   0  0 0.020 01.0  0.00279   -0.15804   -0.15804     +0.000000 
 256   56   58  4   0  0 0.020 01.0  0.00245   +0.10730   +0.10528     -1.882572 
 257   51   58  4   0  0 0.020 01.0  0.00262   -0.13278   -0.13226     -0.391625 
 258   54   59  4   0  0 0.020 01.0  0.00208   +0.05199   +0.04853     -6.655126 
 259   56   59  4   0  0 0.020 01.0  0.00217   +0.06503   +0.06446     -0.876519 
 260   55   59  4   0  0 0.020 01.0  0.00184   +0.01525   +0.00984    -35.475410 
 261   59   60  4   0  0 0.020 01.0  0.00629   +0.68325   +0.68635     +0.453714 
 262   59   61  4   0  0 0.020 01.0  0.00659   +0.72798   +0.72379     -0.575565 
 263   60   61  4   0  0 0.020 01.0  0.00606   +0.64894   +0.64495     -0.614849 
 264   60   62  4   0  0 0.020 01.0  0.00183   -0.01373   -0.01762    +28.332119 
 265   61   62  4   0  0 0.020 01.0  0.00341   -0.25118   -0.25595     +1.899037 
 266   63   59  4   0  0 0.020 01.0  0.00724   -0.82535   -0.83918     +1.675653 
 267   63   64  4   0  0 0.020 01.0  0.00724   +0.82535   +0.81392     -1.384867 
 268   64   61  4   0  0 0.020 01.0  0.01360   +1.77961   +1.75742     -1.246902 
 269   38   65  4   0  0 0.020 01.0  0.00561   -0.58140   -0.58816     +1.162711 
 270   64   65  4   0  0 0.020 01.0  0.00691   -0.77683   -0.78256     +0.737613 
 271   49   66  4   0  0 0.020 01.0  0.00532   +0.53773   +0.53143     -1.171592 
 272   62   66  4   0  0 0.020 01.0  0.00338   -0.24765   -0.25371     +2.447002 
 273   62   67  4   0  0 0.020 01.0  0.00325   -0.22672   -0.23341     +2.950776 
 274   65   66  4   0  0 0.040 02.0  0.00281   +0.16145   +0.16749     +3.741096 
 275   66   67  4   0  0 0.020 01.0  0.00330   +0.23462   +0.23993     +2.263234 
 276   65   68  4   0  0 0.020 01.0  0.00803   +0.94467   +0.93708     -0.803455 
 277   47   69  4   0  0 0.020 01.0  0.00630   +0.68435   +0.68507     +0.105209 
 278   49   69  4   0  0 0.020 01.0  0.00631   +0.68668   +0.67764     -1.316479 
 279   68   69  4   0  0 0.020 01.0  0.02290   +3.17524   +3.12863     -1.467921 
 280   69   70  4   0  0 0.020 01.0  0.00283   +0.16463   +0.19860    +20.634149 
 281   24   70  4   0  0 0.020 01.0  0.00426   +0.37832   +0.38097     +0.700465 
 282   70   71  4   0  0 0.020 01.0  0.00386   +0.31841   +0.32953     +3.492353 
 283   24   72  4   0  0 0.020 01.0  0.00799   +0.93801   +0.92512     -1.374186 
 284   71   72  4   0  0 0.020 01.0  0.00242   +0.10264   +0.09992     -2.650039 
 285   71   73  4   0  0 0.020 01.0  0.00311   +0.20648   +0.20174     -2.295622 
 286   70   74  4   0  0 0.020 01.0  0.00178   +0.00763   +0.01030    +34.993447 
 287   70   75  4   0  0 0.020 01.0  0.00218   -0.06677   -0.06366     -4.657780 
 288   69   75  4   0  0 0.020 01.0  0.00231   +0.08629   +0.09090     +5.342450 
 289   74   75  4   0  0 0.020 01.0  0.00336   -0.24459   -0.25026     +2.318165 
 290   76   77  4   0  0 0.020 01.0  0.00466   -0.43913   -0.43953     +0.091089 
 291   69   77  4   0  0 0.020 01.0  0.00479   -0.45787   -0.46810     +2.234259 
 292   75   77  4   0  0 0.020 01.0  0.00380   -0.31032   -0.30315     -2.310518 
 293   77   78  4   0  0 0.020 01.0  0.00368   -0.29216   -0.28993     -0.763280 
 294   78   79  4   0  0 0.020 01.0  0.00486   -0.46886   -0.47515     +1.341552 
 295   77   80  4   0  0 0.020 01.0  0.01967   -2.68994   -2.65782     -1.194079 
 296   79   80  4   0  0 0.020 01.0  0.00504   -0.49557   -0.50724     +2.354864 
 297   68   81  4   0  0 0.020 01.0  0.00243   -0.10485   -0.10590     +1.001431 
 298   81   80  4   0  0 0.020 01.0  0.00698   +0.78728   +0.77350     -1.750330 
 299   77   82  4   0  0 0.020 01.0  0.00325   -0.22697   -0.22464     -1.026567 
 300   82   83  4   0  0 0.020 01.0  0.00329   +0.23358   +0.23193     -0.706396 
 301   83   84  4   0  0 0.020 01.0  0.00279   +0.15775   +0.16159     +2.434231 
 302   83   85  4   0  0 0.020 01.0  0.00253   +0.11993   +0.12180     +1.559243 
 303   84   85  4   0  0 0.020 01.0  0.00249   +0.11360   +0.11256     -0.915493 
 304   85   86  4   0  0 0.020 01.0  0.00283   -0.16461   -0.17256     +4.829597 
 305   86   87  4   0  0 0.020 01.0  0.00320   -0.22030   -0.21821     -0.948706 
 306   85   88  4   0  0 0.020 01.0  0.00282   -0.16357   -0.16872     +3.148499 
 307   85   89  4   0  0 0.020 01.0  0.00316   -0.21459   -0.21405     -0.251643 
 308   88   89  4   0  0 0.020 01.0  0.00317   -0.21589   -0.22100     +2.366946 
 309   89   90  4   0  0 0.020 01.0  0.00485   -0.46797   -0.47706     +1.942432 
 310   90   91  4   0  0 0.020 01.0  0.00176   -0.00332   -0.00513    +54.518072 
 311   89   92  4   0  0 0.020 01.0  0.00281   -0.16109   -0.16657     +3.401825 
 312   91   92  4   0  0 0.020 01.0  0.00225   +0.07767   +0.07562     -2.639372 
 313   92   93  4   0  0 0.020 01.0  0.00272   -0.14781   -0.14926     +0.980989 
 314   92   94  4   0  0 0.020 01.0  0.00288   -0.17236   -0.17650     +2.401949 
 315   93   94  4   0  0 0.020 01.0  0.00314   -0.21077   -0.21813     +3.491958 
 316   94   95  4   0  0 0.020 01.0  0.00373   +0.29890   +0.29893     +0.010037 
 317   80   96  4   0  0 0.020 01.0  0.00199   +0.03875   +0.03854     -0.541935 
 318   82   96  4   0  0 0.020 01.0  0.00423   -0.37432   -0.38285     +2.278799 
 319   94   96  4   0  0 0.020 01.0  0.00307   +0.20027   +0.19775     -1.258301 
 320   80   97  4   0  0 0.020 01.0  0.00219   +0.06816   +0.06679     -2.009977 
 321   80   98  4   0  0 0.020 01.0  0.00325   -0.22707   -0.22719     +0.052847 
 322   80   99  4   0  0 0.020 01.0  0.00308   -0.20124   -0.20445     +1.595110 
 323   92  100  4   0  0 0.020 01.0  0.00354   -0.27086   -0.27733     +2.388688 
 324   94  100  4   0  0 0.020 01.0  0.00853   -1.01898   -1.00657     -1.217885 
 325   95   96  4   0  0 0.020 01.0  0.00230   +0.08427   +0.08398     -0.344132 
 326   96   97  4   0  0 0.020 01.0  0.00204   -0.04596   -0.04564     -0.696258 
 327   98  100  4   0  0 0.020 01.0  0.00345   -0.25749   -0.26095     +1.343742 
 328   99  100  4   0  0 0.020 01.0  0.00421   -0.37192   -0.37532     +0.914175 
 329  100  101  4   0  0 0.020 01.0  0.00389   +0.32356   +0.33062     +2.181976 
 330   92  102  4   0  0 0.020 01.0  0.00322   -0.22283   -0.22492     +0.937935 
 331  101  102  4   0  0 0.020 01.0  0.00332   +0.23771   +0.23539     -0.975979 
 332  100  103  4   0  0 0.020 01.0  0.00242   +0.10238   +0.10390     +1.484665 
 333  100  104  4   0  0 0.020 01.0  0.00215   +0.06180   +0.06211     +0.501618 
 334  103  104  4   0  0 0.020 01.0  0.00201   +0.04136   +0.04514     +9.139265 
 335  100  106  4   0  0 0.020 01.0  0.00183   +0.01500   +0.01590     +6.000000 
 336  105  107  4   0  0 0.020 01.0  0.00272   -0.14833   -0.15348     +3.471988 
 337  105  108  4   0  0 0.020 01.0  0.00199   -0.03887   -0.04002     +2.958580 
 338  106  107  4   0  0 0.020 01.0  0.00252   -0.11763   -0.11217     -4.641673 
 339  108  109  4   0  0 0.020 01.0  0.00190   -0.02449   -0.02506     +2.327481 
 340  103  110  4   0  0 0.020 01.0  0.00177   +0.00565   +0.00396    -29.911504 
 341  109  110  4   0  0 0.020 01.0  0.00198   -0.03665   -0.03414     -6.848568 
 342  110  111  4   0  0 0.020 01.0  0.00284   -0.16676   -0.16870     +1.163349 
 343  110  112  4   0  0 0.020 01.0  0.00406   -0.34900   -0.35681     +2.237822 
 344   17  113  4   0  0 0.020 01.0  0.00532   -0.53820   -0.54053     +0.432925 
 345   32  113  4   0  0 0.020 01.0  0.00334   -0.24182   -0.24725     +2.245472 
 346   32  114  4   0  0 0.020 01.0  0.00189   +0.02276   +0.01995    -12.346221 
 347   27  115  4   0  0 0.020 01.0  0.00179   +0.00810   +0.00607    -25.061728 
 348  114  115  4   0  0 0.020 01.0  0.00187   +0.02021   +0.01799    -10.984661 
 349   68  116  4   0  0 0.020 01.0  0.01283   -1.66477   -1.67042     +0.339386 
 350   12  117  4   0  0 0.020 01.0  0.00184   +0.01602   +0.01289    -19.538077 
 351   75  118  4   0  0 0.020 01.0  0.00245   +0.10719   +0.11098     +3.535778 
 352   76  118  4   0  0 0.020 01.0  0.00186   -0.01894   -0.02287    +20.749736 
----------------------------------------------------------------------------------
Número de medidores SCADA:     352
Número de PMUs:                0
Número de medidas das PMUs:    0
----------------------------------------------------------------------------------

Matriz de pesos formada com as covariâncias das telemedidas.
Não há medidas de ângulo.
Não há medidores desabilitados.
============= Estado Ref =============== Estado Est ================ TVE =========
Barra     Mod(pu)    Ang(graus)      Mod(pu)   Ang(graus)            (%)         
----------------------------------------------------------------------------------
   1       1.0510       -16.82        1.0487       -16.88          0.2433 
   2       1.0660       -16.80        1.0642       -16.84          0.1893 
   3       1.0620       -16.28        1.0596       -16.35          0.2560 
   4       1.1000       -13.70        1.0979       -13.75          0.2031 
   5       1.0840       -13.43        1.0823       -13.48          0.1769 
   6       1.0550       -15.13        1.0533       -15.16          0.1708 
   7       1.0640       -15.69        1.0625       -15.73          0.1597 
   8       1.0550       -10.20        1.0531       -10.28          0.2233 
   9       1.0970        -8.86        1.0961        -8.92          0.1335 
  10       1.1000        -7.34        1.0989        -7.37          0.1156 
  11       1.0790       -16.61        1.0688       -16.67          0.9490 
  12       1.0800       -16.40        1.0783       -16.46          0.1904 
  13       1.0190       -22.71        1.0163       -22.79          0.2974 
  14       1.0750       -15.90        1.0735       -15.95          0.1648 
  15       1.0630       -13.44        1.0615       -13.49          0.1675 
  16       1.0740       -14.96        1.0729       -15.02          0.1428 
  17       1.0780       -10.37        1.0760       -10.43          0.2139 
  18       1.0680       -12.03        1.0662       -12.11          0.2149 
  19       1.0600       -12.75        1.0583       -12.81          0.1966 
  20       1.0560       -10.16        1.0540       -10.20          0.1966 
  21       1.0560        -7.73        1.0542        -7.76          0.1823 
  22       1.0640        -4.54        1.0616        -4.63          0.2760 
  23       1.0860         1.10        1.0843         1.02          0.2119 
  24       1.0800         2.83        1.0779         2.74          0.2492 
  25       1.1000         3.89        1.0979         3.78          0.2663 
  26       0.9760         4.58        0.9733         4.46          0.3488 
  27       1.0950        -0.83        1.0932        -0.90          0.2063 
  28       1.0940        -2.23        1.0923        -2.33          0.2345 
  29       1.0970        -3.28        1.0956        -3.37          0.1977 
  30       1.0600        -8.61        1.0587        -8.67          0.1574 
  31       1.1000        -3.41        1.0982        -3.49          0.2112 
  32       1.0890        -2.47        1.0871        -2.54          0.2170 
  33       1.0500       -14.40        1.0487       -14.48          0.1919 
  34       1.0490       -14.76        1.0479       -14.85          0.1953 
  35       1.0410       -14.91        1.0398       -15.00          0.1919 
  36       1.0410       -14.90        1.0399       -14.99          0.1883 
  37       1.0460       -14.41        1.0445       -14.50          0.2115 
  38       1.0650       -11.61        1.0638       -11.68          0.1620 
  39       0.9900       -15.81        0.9878       -15.88          0.2505 
  40       0.9650       -16.07        0.9631       -16.17          0.2570 
  41       0.9710       -17.00        0.9696       -17.09          0.2156 
  42       1.0050       -17.58        1.0040       -17.68          0.2006 
  43       1.0560       -16.60        1.0542       -16.70          0.2372 
  44       1.0710       -17.68        1.0702       -17.79          0.1976 
  45       1.0700       -17.46        1.0692       -17.58          0.2248 
  46       1.0770       -15.85        1.0761       -16.00          0.2702 
  47       1.0560       -14.44        1.0555       -14.58          0.2556 
  48       1.0800       -16.17        1.0792       -16.27          0.1884 
  49       1.0770       -15.79        1.0761       -15.90          0.2060 
  50       1.0780       -17.27        1.0769       -17.40          0.2506 
  51       1.0780       -19.10        1.0769       -19.21          0.2236 
  52       1.0780       -19.73        1.0770       -19.84          0.2078 
  53       1.0860       -20.44        1.0851       -20.54          0.1938 
  54       1.1000       -20.08        1.0988       -20.18          0.2096 
  55       1.0910       -20.05        1.0899       -20.16          0.2107 
  56       1.0930       -20.02        1.0919       -20.13          0.2183 
  57       1.0860       -19.11        1.0849       -19.20          0.1871 
  58       1.0830       -19.66        1.0824       -19.76          0.1892 
  59       1.0900       -18.02        1.0893       -18.13          0.1990 
  60       1.0050       -14.96        1.0038       -15.04          0.1811 
  61       0.9980       -14.30        0.9971       -14.36          0.1422 
  62       1.0060       -14.75        1.0052       -14.83          0.1595 
  63       1.0580       -14.97        1.0572       -15.06          0.1812 
  64       1.0440       -13.24        1.0426       -13.33          0.2043 
  65       1.0680        -9.72        1.0674        -9.82          0.1895 
  66       1.0640       -12.86        1.0634       -12.97          0.1952 
  67       1.0340       -14.26        1.0330       -14.38          0.2272 
  68       1.0560        -6.31        1.0550        -6.41          0.2003 
  69       0.9500         0.00        0.9510         0.00          0.1004 
  70       0.9150        -1.10        0.9133        -1.25          0.3244 
  71       0.9080         0.40        0.9058         0.25          0.3561 
  72       0.9000         4.35        0.8988         4.27          0.1878 
  73       0.9000         1.35        0.8980         1.22          0.3167 
  74       0.9000        -3.73        0.8987        -3.80          0.1955 
  75       0.9130        -3.58        0.9116        -3.66          0.2041 
  76       0.9000        -4.71        0.8987        -4.78          0.1886 
  77       0.9780        -4.33        0.9779        -4.45          0.2023 
  78       0.9780        -5.04        0.9783        -5.14          0.1855 
  79       0.9880        -5.73        0.9879        -5.85          0.2135 
  80       1.0210        -6.60        1.0210        -6.70          0.1828 
  81       1.0490        -6.39        1.0483        -6.50          0.1987 
  82       1.0030        -3.25        1.0029        -3.33          0.1452 
  83       1.0040        -1.37        1.0033        -1.48          0.2052 
  84       1.0060         2.04        1.0051         1.91          0.2462 
  85       1.0130         3.90        1.0120         3.80          0.2022 
  86       1.0440         5.91        1.0438         5.78          0.2259 
  87       1.1000        10.74        1.0997        10.66          0.1470 
  88       1.0350         5.59        1.0343         5.47          0.2255 
  89       1.0590         7.92        1.0585         7.82          0.1870 
  90       1.0740         5.66        1.0736         5.55          0.1948 
  91       1.0740         5.79        1.0737         5.68          0.1883 
  92       1.0490         3.38        1.0488         3.32          0.1081 
  93       1.0450         0.10        1.0442        -0.01          0.2090 
  94       1.0470        -2.44        1.0470        -2.54          0.1731 
  95       1.0280        -3.44        1.0279        -3.53          0.1557 
  96       1.0190        -4.05        1.0193        -4.13          0.1399 
  97       1.0170        -5.54        1.0174        -5.63          0.1621 
  98       1.0460        -6.22        1.0461        -6.30          0.1384 
  99       1.0710        -3.68        1.0712        -3.77          0.1643 
 100       1.1000        -3.59        1.1003        -3.68          0.1546 
 101       1.0690        -1.21        1.0688        -1.32          0.1854 
 102       1.0550         1.77        1.0548         1.71          0.1095 
 103       1.0910        -3.93        1.0913        -4.02          0.1531 
 104       1.0790        -4.23        1.0789        -4.32          0.1569 
 105       1.0790        -4.40        1.0794        -4.44          0.0835 
 106       1.0830        -4.80        1.0833        -4.87          0.1212 
 107       1.1000        -4.62        1.1006        -4.65          0.0731 
 108       1.0800        -4.55        1.0806        -4.60          0.1013 
 109       1.0800        -4.59        1.0809        -4.64          0.1217 
 110       1.0830        -4.50        1.0833        -4.56          0.1128 
 111       1.1000        -3.58        1.1006        -3.62          0.0909 
 112       1.1000        -5.07        1.1009        -5.13          0.1385 
 113       1.1000        -9.34        1.0986        -9.39          0.1577 
 114       1.0890        -2.08        1.0871        -2.14          0.2009 
 115       1.0890        -1.99        1.0873        -2.04          0.1790 
 116       1.0620        -6.08        1.0615        -6.18          0.1782 
 117       1.0710       -17.30        1.0700       -17.32          0.1001 
 118       0.9020        -4.46        0.9010        -4.52          0.1492 
----------------------------------------------------------------------------------
Convergiu em:    4 iteraçoes com TVE medio de     0.1985 
----------------------------------------------------------------------------------
--- RESIDUOS NORMALIZADOS --------------------------------------------------------
   N    D    P  TP      Real     Medido   Estimado      Med-Est        rn 
----------------------------------------------------------------------------------
 280   69   70  4    +0.1646    +0.1986    +0.1802  +1.8416e-002      8.104 
 104   69   70  1    +0.1837    +0.2192    +0.2049  +1.4263e-002      7.062 
 112   69   75  1    +0.4910    +0.4818    +0.5046  -2.2807e-002      5.388 
 111   70   75  1    +0.2402    +0.2460    +0.2316  +1.4367e-002      5.305 
 288   69   75  4    +0.0863    +0.0909    +0.0974  -6.4688e-003      4.470 
 291   69   77  4    -0.4579    -0.4681    -0.4536  -1.4488e-002      3.937 
 287   70   75  4    -0.0668    -0.0637    -0.0695  +5.8489e-003      3.399 
 292   75   77  4    -0.3103    -0.3031    -0.3145  +1.1309e-002      3.341 
  91   63   64  1    -1.5904    -1.5760    -1.5902  +1.4211e-002      2.995 
  90   63   59  1    +1.5904    +1.5698    +1.5951  -2.5269e-002      2.955 
 294   78   79  4    -0.4689    -0.4752    -0.4712  -3.9102e-003      2.903 
 337  105  108  4    -0.0389    -0.0400    -0.0409  +9.2724e-004      2.899 
 339  108  109  4    -0.0245    -0.0251    -0.0254  +3.4196e-004      2.898 
 341  109  110  4    -0.0367    -0.0341    -0.0351  +9.6508e-004      2.897 
 296   79   80  4    -0.4956    -0.5072    -0.4947  -1.2520e-002      2.887 
 338  106  107  4    -0.1176    -0.1122    -0.1158  +3.6368e-003      2.849 
 336  105  107  4    -0.1483    -0.1535    -0.1490  -4.4969e-003      2.844 
 188   11   12  4    -0.4014    -0.4025    -0.4171  +1.4615e-002      2.836 
 335  100  106  4    +0.0150    +0.0159    +0.0135  +2.3742e-003      2.823 
 116   75   77  1    -0.0289    -0.0233    -0.0272  +3.8104e-003      2.805 
 293   77   78  4    -0.2922    -0.2899    -0.2889  -1.0544e-003      2.797 
 340  103  110  4    +0.0056    +0.0040    +0.0057  -1.6927e-003      2.782 
 274   65   66  4    +0.1615    +0.1675    +0.1607  +6.8008e-003      2.729 
  27   20   21  1    -0.5298    -0.5335    -0.5295  -4.0216e-003      2.704 
  14    3   12  1    -0.0193    -0.0176    -0.0211  +3.5655e-003      2.689 
  25   19   20  1    -0.4028    -0.4100    -0.4062  -3.8109e-003      2.680 
  28   21   22  1    -0.6307    -0.6208    -0.6151  -5.7092e-003      2.674 
 216   29   31  4    -0.1053    -0.1059    -0.1072  +1.3093e-003      2.666 
 211   28   29  4    -0.1027    -0.0988    -0.1023  +3.5046e-003      2.654 
 156  100  103  1    +0.1777    +0.1797    +0.1773  +2.3620e-003      2.648 
 210   27   28  4    -0.0726    -0.0687    -0.0713  +2.5985e-003      2.638 
 138   92   94  1    +0.6595    +0.6777    +0.6626  +1.5087e-002      2.633 
 158  103  104  1    +0.0584    +0.0626    +0.0593  +3.2859e-003      2.631 
 157  100  104  1    +0.0863    +0.0823    +0.0867  -4.4722e-003      2.535 
 286   70   74  4    +0.0076    +0.0103    +0.0074  +2.9141e-003      2.534 
  29   22   23  1    -0.7062    -0.7163    -0.7051  -1.1242e-002      2.533 
 289   74   75  4    -0.2446    -0.2503    -0.2535  +3.2443e-003      2.510 
   3    4    5  1    -0.1998    -0.2081    -0.2084  +3.1813e-004      2.502 
 119   77   80  1    -0.3555    -0.3612    -0.3649  +3.7820e-003      2.498 
 275   66   67  4    +0.2346    +0.2399    +0.2355  +4.3950e-003      2.497 
 273   62   67  4    -0.2267    -0.2334    -0.2283  -5.1355e-003      2.457 
  10    4   11  1    +0.9328    +0.9154    +0.9323  -1.6997e-002      2.443 
  44   15   33  1    +0.1683    +0.1768    +0.1730  +3.8170e-003      2.365 
  48   33   37  1    +0.0103    +0.0118    +0.0101  +1.7062e-003      2.363 
 225   34   36  4    +0.2505    +0.2533    +0.2484  +4.9352e-003      2.312 
  82   54   59  1    -0.1679    -0.1742    -0.1683  -5.8936e-003      2.284 
 270   64   65  4    -0.7768    -0.7826    -0.7894  +6.8308e-003      2.283 
 222   35   36  4    -0.0045    -0.0082    -0.0077  -4.9343e-004      2.265 
 223   35   37  4    -0.0575    -0.0546    -0.0579  +3.3058e-003      2.260 
 260   55   59  4    +0.0153    +0.0098    +0.0133  -3.4857e-003      2.227 
 115   69   77  1    +0.5684    +0.5794    +0.5893  -9.9600e-003      2.200 
  92   64   61  1    +0.7178    +0.7075    +0.7028  +4.7118e-003      2.141 
 226   34   37  4    +0.5393    +0.5297    +0.5336  -3.8536e-003      2.131 
 181    5    6  4    +0.4271    +0.4181    +0.4242  -6.1053e-003      2.121 
 182    6    7  4    -0.5534    -0.5610    -0.5574  -3.5404e-003      2.095 
 194   13   15  4    +0.0494    +0.0446    +0.0476  -3.0644e-003      2.080 
 192   11   13  4    +0.3271    +0.3251    +0.3284  -3.2981e-003      2.079 
 191    7   12  4    -0.5700    -0.5743    -0.5684  -5.9812e-003      2.059 
 312   91   92  4    +0.0777    +0.0756    +0.0784  -2.7613e-003      2.035 
 310   90   91  4    -0.0033    -0.0051    -0.0040  -1.1261e-003      2.034 
 309   89   90  4    -0.4680    -0.4771    -0.4703  -6.8039e-003      2.029 
   4    3    5  1    -0.5487    -0.5603    -0.5507  -9.5959e-003      2.019 
 324   94  100  4    -1.0190    -1.0066    -1.0196  +1.3016e-002      1.977 
 249   53   54  4    -0.1237    -0.1246    -0.1219  -2.7010e-003      1.967 
  11    5   11  1    +0.9324    +0.9475    +0.9333  +1.4187e-002      1.967 
 306   85   88  4    -0.1636    -0.1687    -0.1656  -3.0963e-003      1.957 
 248   52   53  4    -0.0947    -0.0968    -0.0937  -3.0930e-003      1.950 
 147   92  100  1    +0.4208    +0.4140    +0.4222  -8.2479e-003      1.941 
 308   88   89  4    -0.2159    -0.2210    -0.2184  -2.6411e-003      1.929 
 268   64   61  4    +1.7796    +1.7574    +1.7736  -1.6159e-002      1.913 
 101   47   69  1    -0.6808    -0.6787    -0.6900  +1.1332e-002      1.911 
 247   51   52  4    -0.0748    -0.0756    -0.0747  -9.6538e-004      1.897 
 352   76  118  4    -0.0189    -0.0229    -0.0224  -4.2925e-004      1.894 
 189    2   12  4    -0.1936    -0.2006    -0.1981  -2.4759e-003      1.874 
 178    1    3  4    -0.1789    -0.1832    -0.1847  +1.5593e-003      1.859 
 351   75  118  4    +0.1072    +0.1110    +0.1104  +6.2920e-004      1.857 
 215   17   31  4    +0.1415    +0.1380    +0.1411  -3.1779e-003      1.855 
 177    1    2  4    -0.1580    -0.1646    -0.1612  -3.3955e-003      1.853 
 117   77   78  1    +0.8668    +0.8505    +0.8553  -4.8415e-003      1.814 
 290   76   77  4    -0.4391    -0.4395    -0.4469  +7.3343e-003      1.803 
 201   19   20  4    +0.1166    +0.1211    +0.1192  +1.9239e-003      1.773 
 246   49   51  4    -0.1672    -0.1704    -0.1668  -3.5680e-003      1.763 
 120   79   80  1    +0.1094    +0.1030    +0.1056  -2.5657e-003      1.730 
 197   15   17  4    +0.0740    +0.0702    +0.0720  -1.8403e-003      1.724 
 118   78   79  1    +0.3785    +0.3815    +0.3844  -2.8768e-003      1.714 
 217   23   32  4    -0.2393    -0.2335    -0.2374  +3.8928e-003      1.704 
 203   20   21  4    +0.1103    +0.1137    +0.1124  +1.2520e-003      1.684 
 141   80   96  1    -0.2417    -0.2396    -0.2447  +5.1370e-003      1.683 
 259   56   59  4    +0.0650    +0.0645    +0.0619  +2.5942e-003      1.675 
  45   19   34  1    +0.1588    +0.1554    +0.1594  -3.9991e-003      1.657 
  58   41   42  1    -0.0006    -0.0023    -0.0009  -1.4523e-003      1.643 
  57   40   42  1    +0.0697    +0.0716    +0.0686  +3.0112e-003      1.643 
 139   93   94  1    +0.6031    +0.5910    +0.5956  -4.5904e-003      1.639 
  56   40   41  1    +0.2540    +0.2483    +0.2503  -2.0349e-003      1.633 
 137   92   93  1    +0.6969    +0.7018    +0.7086  -6.8607e-003      1.626 
 108   71   72  1    -0.2823    -0.2843    -0.2881  +3.7836e-003      1.605 
 106   70   71  1    -0.5360    -0.5276    -0.5290  +1.4657e-003      1.584 
 196   12   16  4    +0.1470    +0.1426    +0.1409  +1.6880e-003      1.581 
 107   24   72  1    +0.1089    +0.1054    +0.1069  -1.5360e-003      1.578 
 204   21   22  4    +0.0568    +0.0563    +0.0553  +9.3960e-004      1.576 
  30   23   24  1    -0.6294    -0.6279    -0.6260  -1.9350e-003      1.568 
 198   16   17  4    +0.0951    +0.0996    +0.0968  +2.7956e-003      1.557 
  13    2   12  1    -0.1851    -0.1833    -0.1814  -1.9581e-003      1.533 
 272   62   66  4    -0.2477    -0.2537    -0.2489  -4.8379e-003      1.525 
   2    1    3  1    -0.3006    -0.2943    -0.2964  +2.1515e-003      1.519 
   1    1    2  1    -0.0474    -0.0525    -0.0509  -1.5880e-003      1.510 
  83   56   59  1    -0.2957    -0.2929    -0.2971  +4.2453e-003      1.503 
 218   31   32  4    +0.1541    +0.1584    +0.1556  +2.8155e-003      1.477 
  75   54   55  1    +0.0234    +0.0264    +0.0239  +2.5357e-003      1.390 
 205   22   23  4    +0.0155    +0.0135    +0.0125  +9.8616e-004      1.385 
 345   32  113  4    -0.2418    -0.2473    -0.2433  -3.9119e-003      1.375 
  86   59   61  1    -0.3071    -0.3153    -0.3107  -4.5863e-003      1.369 
 238   45   46  4    -0.0008    -0.0037    -0.0025  -1.1383e-003      1.368 
 175   75  118  1    +0.2963    +0.2893    +0.2909  -1.6201e-003      1.353 
 323   92  100  4    -0.2709    -0.2773    -0.2728  -4.5409e-003      1.338 
 295   77   80  4    -2.6899    -2.6578    -2.6806  +2.2804e-002      1.337 
  85   59   60  1    -0.2495    -0.2552    -0.2515  -3.7495e-003      1.335 
 176   76  118  1    -0.0684    -0.0716    -0.0722  +6.6595e-004      1.331 
 300   82   83  4    +0.2336    +0.2319    +0.2328  -9.1618e-004      1.329 
  97   62   67  1    -0.1236    -0.1185    -0.1169  -1.5933e-003      1.316 
 333  100  104  4    +0.0618    +0.0621    +0.0643  -2.1612e-003      1.296 
 209   25   27  4    -0.1643    -0.1682    -0.1655  -2.7524e-003      1.292 
 344   17  113  4    -0.5382    -0.5405    -0.5419  +1.3701e-003      1.288 
 154   92  102  1    +0.5103    +0.5107    +0.5086  +2.1152e-003      1.280 
 168   17  113  1    -0.8690    -0.8713    -0.8728  +1.4909e-003      1.273 
 114   76   77  1    -0.1666    -0.1667    -0.1640  -2.6771e-003      1.272 
 155  101  102  1    -0.4668    -0.4795    -0.4756  -3.8233e-003      1.270 
 153  100  101  1    -0.3119    -0.3095    -0.3071  -2.3885e-003      1.270 
 113   74   75  1    -0.1269    -0.1250    -0.1256  +5.6821e-004      1.265 
 186    4   11  4    +0.1943    +0.1960    +0.1931  +2.9138e-003      1.257 
  99   66   67  1    +0.3194    +0.3247    +0.3218  +2.9252e-003      1.235 
 214   26   30  4    -1.3180    -1.3205    -1.3284  +7.9136e-003      1.209 
 208   26   25  4    -3.1662    -3.1878    -3.1723  -1.5518e-002      1.159 
  81   51   58  1    +0.1164    +0.1134    +0.1124  +1.0757e-003      1.148 
  80   56   58  1    -0.0333    -0.0366    -0.0357  -8.9950e-004      1.148 
 239   46   47  4    +0.2080    +0.2027    +0.2051  -2.3992e-003      1.143 
  84   55   59  1    -0.1838    -0.1814    -0.1844  +2.9469e-003      1.135 
  77   55   56  1    -0.0741    -0.0727    -0.0734  +6.2305e-004      1.135 
 143   94   96  1    +0.4105    +0.4108    +0.4066  +4.2421e-003      1.132 
  62   45   46  1    -0.2340    -0.2274    -0.2297  +2.2776e-003      1.121 
 334  103  104  4    +0.0414    +0.0451    +0.0438  +1.3305e-003      1.115 
 179    4    5  4    +2.2280    +2.1877    +2.1960  -8.2628e-003      1.108 
  15    7   12  1    +0.2783    +0.2844    +0.2854  -1.0012e-003      1.103 
 241   47   49  4    -0.4485    -0.4421    -0.4393  -2.8318e-003      1.101 
 281   24   70  4    +0.3783    +0.3810    +0.3768  +4.2132e-003      1.091 
 319   94   96  4    +0.2003    +0.1978    +0.2005  -2.7032e-003      1.086 
 251   54   55  4    +0.1222    +0.1178    +0.1203  -2.5150e-003      1.086 
 149   95   96  1    +0.2329    +0.2276    +0.2291  -1.4842e-003      1.073 
  21   15   17  1    -1.3750    -1.3753    -1.3654  -9.8598e-003      1.073 
  76   54   56  1    +0.1029    +0.1066    +0.1070  -4.5937e-004      1.070 
 278   49   69  4    +0.6867    +0.6776    +0.6840  -6.3966e-003      1.070 
 140   94   95  1    +0.5244    +0.5185    +0.5214  -2.9239e-003      1.069 
 302   83   85  4    +0.1199    +0.1218    +0.1238  -2.0127e-003      1.062 
 110   70   74  1    +0.2922    +0.2856    +0.2826  +3.0519e-003      1.045 
  94   64   65  1    -2.3134    -2.2909    -2.3032  +1.2301e-002      1.042 
  95   49   66  1    -1.1666    -1.1714    -1.1653  -6.0937e-003      1.030 
 243   45   49  4    +0.0007    +0.0021    +0.0009  +1.2071e-003      1.024 
 262   59   61  4    +0.7280    +0.7238    +0.7300  -6.1850e-003      1.011 
 328   99  100  4    -0.3719    -0.3753    -0.3735  -1.7746e-003      1.009 
  16   11   13  1    +1.6889    +1.6939    +1.6868  +7.1313e-003      1.006 
 307   85   89  4    -0.2146    -0.2140    -0.2168  +2.7683e-003      1.004 
   6    6    7  1    +0.4103    +0.4120    +0.4129  -8.6580e-004      1.003 
 283   24   72  4    +0.9380    +0.9251    +0.9315  -6.4173e-003      0.994 
 322   80   99  4    -0.2012    -0.2044    -0.2021  -2.3936e-003      0.984 
 347   27  115  4    +0.0081    +0.0061    +0.0071  -9.9776e-004      0.976 
 202   15   19  4    +0.1669    +0.1690    +0.1674  +1.5360e-003      0.976 
 348  114  115  4    +0.0202    +0.0180    +0.0178  +1.5251e-004      0.968 
 346   32  114  4    +0.0228    +0.0199    +0.0190  +9.0770e-004      0.965 
 164  103  110  1    +0.0714    +0.0701    +0.0692  +9.1079e-004      0.944 
 212   30   17  4    -0.4603    -0.4558    -0.4580  +2.1916e-003      0.938 
   5    5    6  1    +0.7225    +0.7121    +0.7164  -4.3298e-003      0.938 
  33   25   27  1    +0.5966    +0.5862    +0.5902  -4.0060e-003      0.937 
 169   32  113  1    +0.6419    +0.6327    +0.6373  -4.5731e-003      0.935 
 190    3   12  4    -0.1384    -0.1383    -0.1405  +2.1515e-003      0.921 
 219   27   32  4    -0.0518    -0.0505    -0.0492  -1.3542e-003      0.917 
  70   49   51  1    +0.4365    +0.4406    +0.4371  +3.5141e-003      0.914 
  31   23   25  1    -0.7325    -0.7259    -0.7230  -2.8790e-003      0.912 
  26   15   19  1    -0.2941    -0.2832    -0.2822  -9.9949e-004      0.896 
 207   23   25  4    -0.0789    -0.0773    -0.0768  -5.3847e-004      0.890 
  63   46   47  1    -0.1523    -0.1522    -0.1538  +1.6302e-003      0.887 
 284   71   72  4    +0.1026    +0.0999    +0.0993  +5.7720e-004      0.885 
 159  100  106  1    +0.1240    +0.1203    +0.1217  -1.3730e-003      0.848 
 180    3    5  4    -0.1011    -0.1016    -0.1029  +1.2326e-003      0.832 
 311   89   92  4    -0.1611    -0.1666    -0.1672  +6.7437e-004      0.831 
 150   96   97  1    +0.2964    +0.3028    +0.3008  +1.9389e-003      0.819 
 252   54   56  4    +0.7723    +0.7601    +0.7580  +2.0815e-003      0.815 
  67   45   49  1    -0.1713    -0.1739    -0.1721  -1.8083e-003      0.812 
 195   14   15  4    +0.1083    +0.1051    +0.1066  -1.5331e-003      0.776 
 193   12   14  4    +0.0956    +0.0978    +0.0984  -5.4324e-004      0.775 
 144   80   97  1    -0.1912    -0.1942    -0.1930  -1.2582e-003      0.774 
 299   77   82  4    -0.2270    -0.2246    -0.2231  -1.5389e-003      0.765 
  98   65   66  1    +1.6801    +1.6889    +1.6825  +6.4411e-003      0.745 
 250   49   54  4    -0.3790    -0.3733    -0.3761  +2.8247e-003      0.745 
 317   80   96  4    +0.0388    +0.0385    +0.0373  +1.2645e-003      0.743 
  23   17   18  1    +0.6742    +0.6749    +0.6777  -2.7705e-003      0.741 
  24   18   19  1    +0.3094    +0.3057    +0.3067  -9.9632e-004      0.741 
  71   51   52  1    +0.1952    +0.1905    +0.1913  -7.3190e-004      0.731 
 170   32  114  1    -0.1244    -0.1294    -0.1301  +6.8079e-004      0.718 
 320   80   97  4    +0.0682    +0.0668    +0.0659  +8.4458e-004      0.713 
 172  114  115  1    -0.1795    -0.1860    -0.1862  +1.4999e-004      0.709 
  46   35   36  1    -0.0206    -0.0175    -0.0176  +1.3509e-004      0.706 
 160  105  107  1    -0.0101    -0.0116    -0.0121  +4.7099e-004      0.704 
 326   96   97  4    -0.0460    -0.0456    -0.0450  -6.7586e-004      0.687 
  52   37   39  1    +0.3721    +0.3692    +0.3710  -1.8091e-003      0.683 
  55   39   40  1    +0.1784    +0.1834    +0.1839  -5.5260e-004      0.683 
  96   62   66  1    -0.2106    -0.2061    -0.2080  +1.8908e-003      0.682 
 162  106  107  1    -0.0468    -0.0514    -0.0508  -5.9801e-004      0.682 
 237   44   45  4    +0.0098    +0.0088    +0.0090  -2.0517e-004      0.676 
  47   35   37  1    -0.2044    -0.2048    -0.2030  -1.7643e-003      0.674 
 282   70   71  4    +0.3184    +0.3295    +0.3293  +2.4174e-004      0.671 
 235   43   44  4    -0.1161    -0.1192    -0.1181  -1.1198e-003      0.670 
 127   84   85  1    -0.4600    -0.4655    -0.4668  +1.2152e-003      0.669 
 171   27  115  1    +0.3311    +0.3212    +0.3230  -1.7032e-003      0.669 
 242   42   49  4    -0.4669    -0.4698    -0.4674  -2.4294e-003      0.663 
 125   83   84  1    -0.3745    -0.3672    -0.3690  +1.8122e-003      0.659 
  51   38   37  1    +1.4515    +1.4530    +1.4576  -4.6489e-003      0.657 
 236   34   43  4    -0.1082    -0.1071    -0.1064  -6.7848e-004      0.654 
 126   83   85  1    -0.5914    -0.5933    -0.5901  -3.1737e-003      0.652 
 213    8   30  4    -0.3337    -0.3377    -0.3387  +1.0025e-003      0.652 
 184    8    5  4    -1.0839    -1.0873    -1.0846  -2.6989e-003      0.652 
 102   49   69  1    -0.6360    -0.6390    -0.6427  +3.7399e-003      0.651 
  53   37   40  1    +0.3129    +0.3167    +0.3146  +2.0710e-003      0.634 
 269   38   65  4    -0.5814    -0.5882    -0.5904  +2.2577e-003      0.611 
 265   61   62  4    -0.2512    -0.2560    -0.2545  -1.4607e-003      0.596 
 103   68   69  1    -2.9764    -3.0395    -3.0280  -1.1452e-002      0.594 
 130   85   88  1    -0.3333    -0.3277    -0.3288  +1.1010e-003      0.590 
  72   52   53  1    +0.0715    +0.0695    +0.0704  -8.3308e-004      0.581 
  39   17   31  1    -0.8690    -0.8675    -0.8638  -3.6580e-003      0.581 
  93   38   65  1    -0.3784    -0.3712    -0.3723  +1.1466e-003      0.575 
  73   53   54  1    -0.0859    -0.0841    -0.0834  -6.4891e-004      0.570 
  88   60   62  1    -0.0663    -0.0689    -0.0681  -8.1576e-004      0.559 
 258   54   59  4    +0.0520    +0.0485    +0.0496  -1.0368e-003      0.555 
 142   82   96  1    +0.1654    +0.1584    +0.1589  -4.9999e-004      0.543 
 163  108  109  1    +0.0202    +0.0203    +0.0204  -6.2604e-005      0.538 
 132   88   89  1    -0.6639    -0.6691    -0.6708  +1.6982e-003      0.535 
  20   12   16  1    -0.3103    -0.3115    -0.3109  -5.8426e-004      0.529 
 161  105  108  1    +0.0342    +0.0342    +0.0344  -1.6604e-004      0.529 
 165  109  110  1    -0.0348    -0.0292    -0.0291  -1.7253e-004      0.527 
 321   80   98  4    -0.2271    -0.2272    -0.2265  -7.2860e-004      0.519 
 229   37   40  4    +0.3703    +0.3724    +0.3742  -1.7837e-003      0.516 
 123   77   82  1    -0.2827    -0.2889    -0.2876  -1.2948e-003      0.511 
 327   98  100  4    -0.2575    -0.2610    -0.2596  -1.3631e-003      0.507 
  65   47   49  1    +0.2940    +0.2862    +0.2854  +8.0890e-004      0.506 
 332  100  103  4    +0.1024    +0.1039    +0.1042  -3.2341e-004      0.503 
 232   40   41  4    -0.1982    -0.2063    -0.2060  -3.0178e-004      0.483 
 199   17   18  4    +0.0417    +0.0453    +0.0458  -4.6008e-004      0.477 
 227   38   37  4    +0.5985    +0.5835    +0.5847  -1.2273e-003      0.473 
 200   18   19  4    +0.0984    +0.0957    +0.0963  -6.0160e-004      0.468 
 146   80   99  1    -0.3091    -0.3113    -0.3097  -1.5967e-003      0.468 
  43   27   32  1    +0.4412    +0.4406    +0.4389  +1.7215e-003      0.462 
 234   41   42  4    -0.2600    -0.2635    -0.2625  -1.0239e-003      0.452 
 264   60   62  4    -0.0137    -0.0176    -0.0171  -4.7628e-004      0.452 
 263   60   61  4    +0.6489    +0.6450    +0.6437  +1.2047e-003      0.451 
  49   34   36  1    +0.1834    +0.1789    +0.1795  -5.6349e-004      0.439 
 187    5   11  4    -0.0500    -0.0470    -0.0475  +5.4634e-004      0.437 
 279   68   69  4    +3.1752    +3.1286    +3.1369  -8.2217e-003      0.430 
  18   13   15  1    -0.6887    -0.6913    -0.6890  -2.3632e-003      0.429 
 152   99  100  1    -0.1015    -0.1047    -0.1045  -2.1923e-004      0.429 
  34   27   28  1    +0.3299    +0.3336    +0.3346  -9.7914e-004      0.422 
  60   34   43  1    +0.1911    +0.1915    +0.1909  +6.1980e-004      0.401 
  22   16   17  1    -0.4835    -0.4833    -0.4816  -1.6806e-003      0.398 
 313   92   93  4    -0.1478    -0.1493    -0.1487  -5.3969e-004      0.393 
 121   68   81  1    +0.1088    +0.1107    +0.1107  +5.4416e-005      0.385 
  59   43   44  1    +0.0664    +0.0669    +0.0665  +4.4033e-004      0.383 
 122   81   80  1    +0.1086    +0.1053    +0.1052  +9.6970e-005      0.371 
  61   44   45  1    -0.0432    -0.0395    -0.0397  +1.2816e-004      0.367 
  89   61   62  1    +0.1588    +0.1627    +0.1621  +5.9726e-004      0.363 
 148   94  100  1    +0.0944    +0.0918    +0.0916  +2.0113e-004      0.348 
 254   56   57  4    +0.1231    +0.1191    +0.1194  -3.7450e-004      0.348 
  54   30   38  1    +1.0780    +1.0796    +1.0815  -1.8803e-003      0.345 
 255   50   57  4    -0.1580    -0.1580    -0.1587  +6.2175e-004      0.338 
 266   63   59  4    -0.8254    -0.8392    -0.8379  -1.3185e-003      0.333 
  12   11   12  1    -0.3325    -0.3393    -0.3391  -2.1439e-004      0.329 
 245   49   50  4    -0.1437    -0.1436    -0.1439  +3.0646e-004      0.327 
 267   63   64  4    +0.8254    +0.8139    +0.8133  +6.0198e-004      0.321 
 240   46   48  4    -0.0536    -0.0520    -0.0515  -5.0941e-004      0.317 
 244   48   49  4    +0.1011    +0.0980    +0.0982  -1.7926e-004      0.316 
 315   93   94  4    -0.2108    -0.2181    -0.2176  -5.1400e-004      0.308 
  74   49   54  1    +0.5292    +0.5273    +0.5287  -1.3948e-003      0.299 
  35   28   29  1    +0.2121    +0.2067    +0.2072  -4.5319e-004      0.287 
 131   85   89  1    -0.4607    -0.4618    -0.4606  -1.1779e-003      0.285 
  69   49   50  1    +0.3510    +0.3566    +0.3571  -5.0006e-004      0.276 
 316   94   95  4    +0.2989    +0.2989    +0.2995  -5.3898e-004      0.276 
  79   50   57  1    +0.2318    +0.2240    +0.2245  -5.3055e-004      0.274 
 271   49   66  4    +0.5377    +0.5314    +0.5308  +6.2655e-004      0.273 
 134   90   91  1    -0.0296    -0.0296    -0.0295  -9.9152e-005      0.271 
 105   24   70  1    +0.1669    +0.1684    +0.1690  -6.4485e-004      0.264 
 318   82   96  4    -0.3743    -0.3829    -0.3835  +6.4516e-004      0.258 
  78   56   57  1    -0.1457    -0.1511    -0.1513  +2.5111e-004      0.252 
 325   95   96  4    +0.0843    +0.0840    +0.0842  -2.3432e-004      0.246 
 276   65   68  4    +0.9447    +0.9371    +0.9373  -2.4953e-004      0.237 
 314   92   94  4    -0.1724    -0.1765    -0.1760  -5.3228e-004      0.211 
 253   55   56  4    -0.1228    -0.1230    -0.1228  -1.1768e-004      0.208 
 145   80   98  1    -0.1129    -0.1165    -0.1166  +1.7138e-004      0.206 
 224   33   37  4    +0.0113    +0.0079    +0.0081  -1.9944e-004      0.204 
   8    8    5  1    +2.4172    +2.3855    +2.3835  +2.0068e-003      0.202 
 230   30   38  4    -0.4024    -0.4013    -0.4009  -4.3638e-004      0.199 
 277   47   69  4    +0.6844    +0.6851    +0.6839  +1.1490e-003      0.194 
 220   15   33  4    +0.0412    +0.0394    +0.0396  -2.0224e-004      0.191 
 124   82   83  1    -0.8207    -0.8101    -0.8105  +3.4774e-004      0.188 
 151   98  100  1    -0.3463    -0.3454    -0.3460  +5.8921e-004      0.173 
 100   65   68  1    -4.0870    -4.0780    -4.0762  -1.8732e-003      0.172 
  66   42   49  1    -0.2929    -0.2924    -0.2921  -3.4569e-004      0.148 
 329  100  101  4    +0.3236    +0.3306    +0.3303  +3.6537e-004      0.147 
  36   30   17  1    +0.9016    +0.9040    +0.9034  +5.1629e-004      0.140 
 301   83   84  4    +0.1578    +0.1616    +0.1619  -2.7741e-004      0.132 
 261   59   60  4    +0.6833    +0.6864    +0.6856  +7.0237e-004      0.121 
 298   81   80  4    +0.7873    +0.7735    +0.7732  +2.5812e-004      0.113 
  87   60   61  1    -0.7311    -0.7472    -0.7476  +3.6454e-004      0.108 
 135   89   92  1    +2.2717    +2.2507    +2.2493  +1.3480e-003      0.106 
  38   26   30  1    +2.6638    +2.6351    +2.6369  -1.7630e-003      0.102 
 303   84   85  4    +0.1136    +0.1126    +0.1126  -7.5892e-005      0.097 
 136   91   92  1    +0.4024    +0.3946    +0.3948  -2.7098e-004      0.097 
  32   26   25  1    +0.3362    +0.3287    +0.3287  -2.7553e-005      0.092 
  50   34   37  1    -0.5704    -0.5772    -0.5773  +1.4889e-004      0.089 
 297   68   81  4    -0.1049    -0.1059    -0.1059  +1.3815e-005      0.086 
  41   23   32  1    +0.5926    +0.5890    +0.5887  +2.9280e-004      0.082 
 221   19   34  4    -0.0338    -0.0365    -0.0364  -1.1914e-004      0.069 
 133   89   90  1    +0.5916    +0.5935    +0.5933  +1.5493e-004      0.064 
  19   14   15  1    -0.2094    -0.2097    -0.2095  -1.4316e-004      0.063 
 233   40   42  4    -0.2519    -0.2555    -0.2557  +1.7288e-004      0.061 
 331  101  102  4    +0.2377    +0.2354    +0.2353  +9.3196e-005      0.060 
  42   31   32  1    -0.1480    -0.1484    -0.1483  -6.3222e-005      0.047 
  40   29   31  1    +0.0471    +0.0445    +0.0445  +9.6820e-006      0.040 
  17   12   14  1    -0.1129    -0.1137    -0.1137  -1.8124e-005      0.036 
 206   23   24  4    +0.2891    +0.2950    +0.2950  +1.7111e-005      0.036 
 231   39   40  4    +0.3453    +0.3405    +0.3405  +4.0723e-005      0.033 
  68   48   49  1    -0.1117    -0.1114    -0.1114  -1.9242e-005      0.032 
 330   92  102  4    -0.2228    -0.2249    -0.2249  +2.1995e-005      0.029 
  37    8   30  1    -0.6166    -0.6271    -0.6271  -6.0226e-005      0.028 
  64   46   48  1    +0.0254    +0.0214    +0.0214  -2.3827e-005      0.019 
 257   51   58  4    -0.1328    -0.1323    -0.1323  +1.4917e-005      0.014 
 256   56   58  4    +0.1073    +0.1053    +0.1053  +5.1700e-006      0.004 
 228   37   39  4    +0.4244    +0.4335    +0.4335  -4.4904e-006      0.002 
 350   12  117  4    +0.0160    +0.0129    +0.0129  +6.5595e-010      0.000 
 349   68  116  4    -1.6648    -1.6704    -1.6704  -7.9111e-009      0.000 
 343  110  112  4    -0.3490    -0.3568    -0.3568  +5.5480e-010      0.000 
 342  110  111  4    -0.1668    -0.1687    -0.1687  -1.9581e-009      0.000 
 305   86   87  4    -0.2203    -0.2182    -0.2182  -2.0690e-009      0.000 
 304   85   86  4    -0.1646    -0.1726    -0.1726  -5.9141e-010      0.000 
 285   71   73  4    +0.2065    +0.2017    +0.2017  +1.2315e-008      0.000 
 185    9   10  4    -0.7457    -0.7419    -0.7419  -3.7371e-009      0.000 
 183    8    9  4    -2.0135    -2.0353    -2.0353  -9.9856e-009      0.000 
 174   12  117  1    +0.1376    +0.1320    +0.1320  -1.7921e-009      0.000 
 173   68  116  1    -1.2418    -1.2581    -1.2581  +4.4528e-009      0.000 
 167  110  112  1    +0.0672    +0.0624    +0.0624  -3.7437e-009      0.000 
 166  110  111  1    -0.2979    -0.3051    -0.3051  +4.4380e-009      0.000 
 129   86   87  1    -0.4927    -0.4969    -0.4969  +6.3279e-009      0.000 
 128   85   86  1    -0.3439    -0.3424    -0.3424  -4.1431e-009      0.000 
 109   71   73  1    -0.2578    -0.2624    -0.2624  -5.2334e-008      0.000 
   9    9   10  1    -0.9979    -1.0079    -1.0079  +1.5229e-008      0.000 
   7    8    9  1    -0.9916    -1.0090    -1.0090  +9.7239e-009      0.000 
----------------------------------------------------------------------------------
Possível erro grosseiro no medidor 280!
Medida crítica    7!
Medida crítica    9!
Medida crítica  109!
Medida crítica  128!
Medida crítica  129!
Medida crítica  166!
Medida crítica  167!
Medida crítica  173!
Medida crítica  174!
Medida crítica  183!
Medida crítica  185!
Medida crítica  285!
Medida crítica  304!
Medida crítica  305!
Medida crítica  342!
Medida crítica  343!
Medida crítica  349!
Medida crítica  350!
Possíveis conjuntos críticos:
Conjunto 1: 206 17
Conjunto 2: 136 303
Conjunto 3: 329 66
Conjunto 4: 100 151
Conjunto 5: 224 145
Conjunto 6: 145 253
Conjunto 7: 134 271 79
Conjunto 8: 271 79
Conjunto 9: 79 316 69
Conjunto 10: 316 69
Conjunto 11: 131 35
Conjunto 12: 244 240
Conjunto 13: 245 12
Conjunto 14: 254 148
Conjunto 15: 59 121
Conjunto 16: 22 60
Conjunto 17: 152 18 279
Conjunto 18: 18 279
Conjunto 19: 187 49
Conjunto 20: 263 264 234
Conjunto 21: 264 234
Conjunto 22: 146 200
Conjunto 23: 227 199
Conjunto 24: 332 65 327
Conjunto 25: 65 327 123
Conjunto 26: 327 123
Conjunto 27: 229 321
Conjunto 28: 165 161 20
Conjunto 29: 161 20
Conjunto 30: 20 132
Conjunto 31: 132 163
Conjunto 32: 163 142
Conjunto 33: 258 88
Conjunto 34: 73 93
Conjunto 35: 39 72
Conjunto 36: 130 103 265
Conjunto 37: 103 265
Conjunto 38: 102 184 213 126 236 51
Conjunto 39: 184 213 126 236 51
Conjunto 40: 213 126 236 51
Conjunto 41: 126 236 51
Conjunto 42: 236 51 125
Conjunto 43: 51 125
Conjunto 44: 125 242
Conjunto 45: 242 171 127 235
Conjunto 46: 171 127 235 282 47
Conjunto 47: 127 235 282 47 237
Conjunto 48: 235 282 47 237
Conjunto 49: 282 47 237
Conjunto 50: 47 237
Conjunto 51: 237 162 96
Conjunto 52: 162 96 55 52 326
Conjunto 53: 96 55 52 326
Conjunto 54: 55 52 326
Conjunto 55: 52 326
Conjunto 56: 160 46 172
Conjunto 57: 46 172 320
Conjunto 58: 172 320
Conjunto 59: 320 170
Conjunto 60: 24 23 317 250 98
Conjunto 61: 23 317 250 98
Conjunto 62: 317 250 98
Conjunto 63: 250 98
Conjunto 64: 144 193 195
Conjunto 65: 193 195
Conjunto 66: 67 252 150
Conjunto 67: 252 150
Conjunto 68: 311 180
Conjunto 69: 284 63 207
Conjunto 70: 63 207
Conjunto 71: 207 26
Conjunto 72: 31 70 219
Conjunto 73: 70 219 190
Conjunto 74: 219 190
Conjunto 75: 169 33 5 212 164
Conjunto 76: 33 5 212 164
Conjunto 77: 5 212 164
Conjunto 78: 212 164
Conjunto 79: 346 348
Conjunto 80: 348 202 347
Conjunto 81: 202 347 322
Conjunto 82: 347 322
Conjunto 83: 283 6 307
Conjunto 84: 6 307 16 328 262
Conjunto 85: 307 16 328 262
Conjunto 86: 16 328 262
Conjunto 87: 328 262
Conjunto 88: 243 95
Conjunto 89: 94 110
Conjunto 90: 302 140 278 76 21
Conjunto 91: 140 278 76 21 149
Conjunto 92: 278 76 21 149
Conjunto 93: 76 21 149
Conjunto 94: 21 149
Conjunto 95: 251 319 281
Conjunto 96: 319 281
Conjunto 97: 281 241
Conjunto 98: 241 15 179
Conjunto 99: 15 179
Conjunto 100: 179 334
Conjunto 101: 334 62
Conjunto 102: 143 77 84 239
Conjunto 103: 77 84 239
Conjunto 104: 84 239
Conjunto 105: 239 80 81
Conjunto 106: 80 81 208
Conjunto 107: 81 208
Conjunto 108: 186 113 153 155
Conjunto 109: 113 153 155 114 168
Conjunto 110: 153 155 114 168 154
Conjunto 111: 155 114 168 154
Conjunto 112: 114 168 154
Conjunto 113: 168 154
Conjunto 114: 154 344 209
Conjunto 115: 344 209 333
Conjunto 116: 209 333
Conjunto 117: 300 176 85 295 323
Conjunto 118: 176 85 295 323
Conjunto 119: 85 295 323
Conjunto 120: 295 323
Conjunto 121: 238 86 345
Conjunto 122: 86 345
Conjunto 123: 345 205
Conjunto 124: 205 75
Conjunto 125: 83 1
Conjunto 126: 1 2 272
Conjunto 127: 2 272 13
Conjunto 128: 272 13
Conjunto 129: 198 30
Conjunto 130: 30 204 107 196
Conjunto 131: 204 107 196 106
Conjunto 132: 107 196 106
Conjunto 133: 196 106
Conjunto 134: 137 56 139
Conjunto 135: 56 139 57 58
Conjunto 136: 139 57 58
Conjunto 137: 57 58 45
Conjunto 138: 58 45
Conjunto 139: 259 141 203
Conjunto 140: 141 203
Conjunto 141: 217 118
Conjunto 142: 118 197 120
Conjunto 143: 197 120
Conjunto 144: 246 201
Conjunto 145: 290 117
Conjunto 146: 177 215 351 178
Conjunto 147: 215 351 178 189
Conjunto 148: 351 178 189
Conjunto 149: 178 189
Conjunto 150: 352 247 101 268
Conjunto 151: 247 101 268
Conjunto 152: 101 268 308
Conjunto 153: 268 308
Conjunto 154: 308 147
Conjunto 155: 147 248 306
Conjunto 156: 248 306 11 249
Conjunto 157: 306 11 249
Conjunto 158: 11 249 324
Conjunto 159: 249 324
Conjunto 160: 4 309 310 312
Conjunto 161: 309 310 312
Conjunto 162: 310 312
Conjunto 163: 191 192
Conjunto 164: 192 194 182
Conjunto 165: 194 182
Conjunto 166: 181 226 92
Conjunto 167: 226 92
Conjunto 168: 223 222 270
Conjunto 169: 222 270 82
Conjunto 170: 270 82
Conjunto 171: 48 44
Conjunto 172: 10 273
Conjunto 173: 275 119 3 289
Conjunto 174: 119 3 289
Conjunto 175: 3 289
Conjunto 176: 289 29 286 157
Conjunto 177: 29 286 157
Conjunto 178: 286 157
Conjunto 179: 158 138 210 156 211
Conjunto 180: 138 210 156 211
Conjunto 181: 210 156 211
Conjunto 182: 156 211 216 28
Conjunto 183: 211 216 28 25
Conjunto 184: 216 28 25 14
Conjunto 185: 28 25 14
Conjunto 186: 25 14 27
Conjunto 187: 14 27
Conjunto 188: 27 274
Conjunto 189: 340 293 116
Conjunto 190: 293 116 335
Conjunto 191: 116 335
Conjunto 192: 335 188 336 338
Conjunto 193: 188 336 338
Conjunto 194: 336 338
Conjunto 195: 296 341 339 337 294
Conjunto 196: 341 339 337 294
Conjunto 197: 339 337 294
Conjunto 198: 337 294
Medidas com alta correlação: 165 e 161 
Medidas com alta correlação: 184 e 213 
Medidas com alta correlação: 184 e 213 
Medidas com alta correlação: 153 e 155 
Medidas com alta correlação: 153 e 155 
Medidas com alta correlação: 153 e 155 
