================================================================================= 
=== UFF - Doutorado em Computação - Aplicaçoes em Sistemas de Potencia        === 
=== ESTIMADOR DE ESTADO MÍNIMOS QUADRADOS PONDERADOS INCLUINDO MEDIDAS DE PMU === 
=== Desenvolvido por: Rui Menezes de Moraes - 2009                            === 
================================================================================= 
Arquivo de medidores:          .\med\S1_CS5_352M_90M_PMU_EGS1.med
Arquivo do sistema:            .\sist\ieee118_SP_JML.cdf
Tolerância entre iteraçoes:    1.00e-005
Limite de iteraçoes:           100

--- DADOS DA REDE --------------------------------------------------------------- 
Data do caso:                  08/25/93
Origem:                        UW ARCHIVE          
MVA base:                      100
Ano:                           1961
Estação:                       W
Identificação:                 IEEE 118 Bus Test Case
Número de barras:              118 
Número de ramos:               179 
Referência na barra:           69

--- TELEMEDIDAS ------------------------------------------------------------------
    Tipo 1 = Fluxo de potencia ativa        Tipo  6 = Módulo da tensão            
    Tipo 2 = Injeção de potencia ativa      Tipo  7 = Corrente de ramo (real)     
    Tipo 3 = Ângulo de fase da tensão       Tipo  8 = Corrente de ramo (imag)     
    Tipo 4 = Fluxo de potencia reativa      Tipo  9 = Injeção de corrente (real)  
    Tipo 5 = Injeção de potencia reativa    Tipo 10 = Injeção de corrente (imag)  
----------------------------------------------------------------------------------
   N    D    P TP  PN ST   Exa   FS       DP      V_Ref      V_Med          E(%) 
----------------------------------------------------------------------------------
   1    1    2  1   0  0 0.020 01.0  0.00205   -0.04743   -0.05246    +10.605102 
   2    1    3  1   0  0 0.020 01.0  0.00374   -0.30057   -0.29426     -2.099345 
   3    4    5  1   0  0 0.020 01.0  0.00307   -0.19976   -0.20808     +4.164998 
   4    3    5  1   0  0 0.020 01.0  0.00539   -0.54870   -0.56029     +2.112265 
   5    5    6  1   0  0 0.020 01.0  0.00655   +0.72249   +0.71212     -1.435314 
   6    6    7  1   0  0 0.020 01.0  0.00447   +0.41029   +0.41201     +0.419216 
   7    8    9  1   0  0 0.020 01.0  0.00834   -0.99161   -1.00900     +1.753714 
   8    8    5  1   0  0 0.020 01.0  0.01785   +2.41719   +2.38552     -1.310199 
   9    9   10  1   0  0 0.020 01.0  0.00839   -0.99787   -1.00794     +1.009149 
  10    4   11  1   0  0 0.020 01.0  0.00795   +0.93276   +0.91535     -1.866504 
  11    5   11  1   0  0 0.020 01.0  0.00795   +0.93236   +0.94753     +1.627054 
  12   11   12  1   0  0 0.020 01.0  0.00395   -0.33254   -0.33933     +2.041860 
  13    2   12  1   0  0 0.020 01.0  0.00297   -0.18506   -0.18333     -0.934832 
  14    3   12  1   0  0 0.020 01.0  0.00186   -0.01927   -0.01757     -8.822003 
  15    7   12  1   0  0 0.020 01.0  0.00359   +0.27834   +0.28441     +2.180786 
  16   11   13  1   0  0 0.020 01.0  0.01299   +1.68886   +1.69394     +0.300795 
  17   12   14  1   0  0 0.020 01.0  0.00249   -0.11291   -0.11370     +0.699672 
  18   13   15  1   0  0 0.020 01.0  0.00632   -0.68869   -0.69133     +0.383336 
  19   14   15  1   0  0 0.020 01.0  0.00313   -0.20936   -0.20969     +0.157623 
  20   12   16  1   0  0 0.020 01.0  0.00380   -0.31032   -0.35594    +14.700954 
  21   15   17  1   0  0 0.020 01.0  0.01090   -1.37497   -1.37528     +0.022546 
  22   16   17  1   0  0 0.020 01.0  0.00496   -0.48353   -0.48330     -0.047567 
  23   17   18  1   0  0 0.020 01.0  0.00623   +0.67422   +0.67490     +0.100857 
  24   18   19  1   0  0 0.020 01.0  0.00380   +0.30938   +0.30566     -1.202405 
  25   19   20  1   0  0 0.020 01.0  0.00442   -0.40278   -0.40998     +1.787576 
  26   15   19  1   0  0 0.020 01.0  0.00369   -0.29413   -0.28320     -3.716044 
  27   20   21  1   0  0 0.020 01.0  0.00526   -0.52982   -0.53350     +0.694576 
  28   21   22  1   0  0 0.020 01.0  0.00594   -0.63067   -0.62084     -1.558660 
  29   22   23  1   0  0 0.020 01.0  0.00644   -0.70622   -0.71631     +1.428733 
  30   23   24  1   0  0 0.020 01.0  0.00593   -0.62945   -0.62790     -0.246247 
  31   23   25  1   0  0 0.020 01.0  0.00662   -0.73245   -0.72589     -0.895624 
  32   26   25  1   0  0 0.020 01.0  0.00398   +0.33620   +0.32870     -2.230815 
  33   25   27  1   0  0 0.020 01.0  0.00571   +0.59664   +0.58622     -1.746447 
  34   27   28  1   0  0 0.020 01.0  0.00393   +0.32992   +0.33362     +1.121484 
  35   28   29  1   0  0 0.020 01.0  0.00315   +0.21213   +0.20673     -2.545609 
  36   30   17  1   0  0 0.020 01.0  0.00774   +0.90165   +0.90396     +0.256197 
  37    8   30  1   0  0 0.020 01.0  0.00584   -0.61657   -0.62712     +1.711079 
  38   26   30  1   0  0 0.020 01.0  0.01949   +2.66380   +2.63512     -1.076657 
  39   17   31  1   0  0 0.020 01.0  0.00753   -0.86903   -0.86747     -0.179510 
  40   29   31  1   0  0 0.020 01.0  0.00205   +0.04708   +0.04447     -5.543755 
  41   23   32  1   0  0 0.020 01.0  0.00568   +0.59257   +0.58904     -0.595710 
  42   31   32  1   0  0 0.020 01.0  0.00272   -0.14800   -0.14836     +0.243243 
  43   27   32  1   0  0 0.020 01.0  0.00467   +0.44117   +0.44060     -0.129202 
  44   15   33  1   0  0 0.020 01.0  0.00285   +0.16832   +0.17679     +5.032082 
  45   19   34  1   0  0 0.020 01.0  0.00279   +0.15875   +0.15538     -2.122835 
  46   35   36  1   0  0 0.020 01.0  0.00187   -0.02061   -0.01749    -15.138282 
  47   35   37  1   0  0 0.020 01.0  0.00310   -0.20439   -0.20479     +0.195704 
  48   33   37  1   0  0 0.020 01.0  0.00180   +0.01025   +0.01180    +15.121951 
  49   34   36  1   0  0 0.020 01.0  0.00296   +0.18338   +0.17891     -2.437561 
  50   34   37  1   0  0 0.020 01.0  0.00554   -0.57038   -0.57717     +1.190434 
  51   38   37  1   0  0 0.020 01.0  0.01141   +1.45150   +1.45300     +0.103341 
  52   37   39  1   0  0 0.020 01.0  0.00421   +0.37213   +0.36918     -0.792734 
  53   37   40  1   0  0 0.020 01.0  0.00382   +0.31291   +0.31669     +1.208015 
  54   30   38  1   0  0 0.020 01.0  0.00892   +1.07800   +1.07962     +0.150278 
  55   39   40  1   0  0 0.020 01.0  0.00292   +0.17839   +0.18339     +2.802848 
  56   40   41  1   0  0 0.020 01.0  0.00343   +0.25395   +0.24828     -2.232723 
  57   40   42  1   0  0 0.020 01.0  0.00220   +0.06972   +0.07159     +2.682157 
  58   41   42  1   0  0 0.020 01.0  0.00174   -0.00063   -0.00234   +271.428571 
  59   43   44  1   0  0 0.020 01.0  0.00218   +0.06643   +0.06695     +0.782779 
  60   34   43  1   0  0 0.020 01.0  0.00301   +0.19107   +0.19153     +0.240749 
  61   44   45  1   0  0 0.020 01.0  0.00202   -0.04318   -0.03953     -8.452987 
  62   45   46  1   0  0 0.020 01.0  0.00329   -0.23397   -0.22743     -2.795230 
  63   46   47  1   0  0 0.020 01.0  0.00275   -0.15231   -0.15220     -0.072221 
  64   46   48  1   0  0 0.020 01.0  0.00190   +0.02542   +0.02139    -15.853659 
  65   47   49  1   0  0 0.020 01.0  0.00369   +0.29401   +0.28620     -2.656372 
  66   42   49  1   0  0 0.020 01.0  0.00369   -0.29294   -0.29240     -0.184338 
  67   45   49  1   0  0 0.020 01.0  0.00288   -0.17127   -0.17388     +1.523910 
  68   48   49  1   0  0 0.020 01.0  0.00248   -0.11165   -0.11137     -0.250784 
  69   49   50  1   0  0 0.020 01.0  0.00407   +0.35103   +0.35662     +1.592456 
  70   49   51  1   0  0 0.020 01.0  0.00464   +0.43652   +0.44062     +0.939247 
  71   51   52  1   0  0 0.020 01.0  0.00303   +0.19523   +0.19053     -2.407417 
  72   52   53  1   0  0 0.020 01.0  0.00221   +0.07149   +0.06954     -2.727654 
  73   53   54  1   0  0 0.020 01.0  0.00231   -0.08587   -0.08407     -2.096192 
  74   49   54  1   0  0 0.020 01.0  0.00526   +0.52916   +0.52734     -0.343941 
  75   54   55  1   0  0 0.020 01.0  0.00189   +0.02339   +0.02643    +12.997007 
  76   54   56  1   0  0 0.020 01.0  0.00242   +0.10285   +0.10657     +3.616918 
  77   55   56  1   0  0 0.020 01.0  0.00223   -0.07406   -0.07274     -1.782339 
  78   56   57  1   0  0 0.020 01.0  0.00270   -0.14566   -0.15108     +3.720994 
  79   50   57  1   0  0 0.020 01.0  0.00328   +0.23179   +0.22395     -3.382372 
  80   56   58  1   0  0 0.020 01.0  0.00196   -0.03331   -0.03663     +9.966977 
  81   51   58  1   0  0 0.020 01.0  0.00251   +0.11639   +0.11344     -2.534582 
  82   54   59  1   0  0 0.020 01.0  0.00285   -0.16795   -0.17418     +3.709437 
  83   56   59  1   0  0 0.020 01.0  0.00371   -0.29572   -0.29285     -0.970513 
  84   55   59  1   0  0 0.020 01.0  0.00296   -0.18381   -0.18141     -1.305696 
  85   59   60  1   0  0 0.020 01.0  0.00340   -0.24947   -0.25520     +2.296869 
  86   59   61  1   0  0 0.020 01.0  0.00378   -0.30715   -0.31528     +2.646915 
  87   60   61  1   0  0 0.020 01.0  0.00661   -0.73114   -0.74722     +2.199305 
  88   60   62  1   0  0 0.020 01.0  0.00217   -0.06628   -0.06889     +3.937839 
  89   61   62  1   0  0 0.020 01.0  0.00279   +0.15882   +0.16274     +2.468203 
  90   63   59  1   0  0 0.020 01.0  0.01234   +1.59036   +1.56980     -1.292789 
  91   63   64  1   0  0 0.020 01.0  0.01234   -1.59036   -1.57602     -0.901683 
  92   64   61  1   0  0 0.020 01.0  0.00652   +0.71781   +0.70747     -1.440493 
  93   38   65  1   0  0 0.020 01.0  0.00426   -0.37841   -0.37116     -1.915911 
  94   64   65  1   0  0 0.020 01.0  0.01716   -2.31343   -2.29094     -0.972150 
  95   49   66  1   0  0 0.020 01.0  0.00951   -1.16662   -1.17144     +0.413159 
  96   62   66  1   0  0 0.020 01.0  0.00314   -0.21060   -0.20610     -2.136752 
  97   62   67  1   0  0 0.020 01.0  0.00256   -0.12362   -0.11852     -4.125546 
  98   65   66  1   0  0 0.020 01.0  0.01293   +1.68006   +1.68890     +0.526172 
  99   66   67  1   0  0 0.020 01.0  0.00386   +0.31940   +0.32474     +1.671885 
 100   65   68  1   0  0 0.020 01.0  0.02898   -4.08705   -4.07803     -0.220697 
 101   47   69  1   0  0 0.020 01.0  0.00627   -0.68076   -0.67871     -0.301134 
 102   49   69  1   0  0 0.020 01.0  0.00597   -0.63603   -0.63896     +0.460670 
 103   68   69  1   0  0 0.020 01.0  0.02158   -2.97636   -3.03946     +2.120039 
 104   69   70  1   0  0 0.020 01.0  0.00296   +0.18371   +0.18503     +0.718524 
 105   24   70  1   0  0 0.020 01.0  0.00285   +0.16693   +0.16836     +0.856646 
 106   70   71  1   0  0 0.020 01.0  0.00531   -0.53596   -0.52757     -1.565415 
 107   24   72  1   0  0 0.020 01.0  0.00246   +0.10892   +0.10537     -3.259273 
 108   71   72  1   0  0 0.020 01.0  0.00362   -0.28225   -0.28430     +0.726306 
 109   71   73  1   0  0 0.020 01.0  0.00345   -0.25783   -0.26244     +1.788000 
 110   70   74  1   0  0 0.020 01.0  0.00368   +0.29222   +0.28563     -2.255150 
 111   70   75  1   0  0 0.020 01.0  0.00333   +0.24025   +0.24598     +2.385016 
 112   69   75  1   0  0 0.020 01.0  0.00501   +0.49100   +0.48175     -1.883910 
 113   74   75  1   0  0 0.020 01.0  0.00258   -0.12690   -0.12503     -1.473601 
 114   76   77  1   0  0 0.020 01.0  0.00284   -0.16658   -0.16667     +0.054028 
 115   69   77  1   0  0 0.020 01.0  0.00552   +0.56839   +0.57937     +1.931772 
 116   75   77  1   0  0 0.020 01.0  0.00193   -0.02885   -0.02335    -19.064125 
 117   77   78  1   0  0 0.020 01.0  0.00751   +0.86676   +0.85049     -1.877106 
 118   78   79  1   0  0 0.020 01.0  0.00426   +0.37848   +0.38148     +0.792644 
 119   77   80  1   0  0 0.020 01.0  0.00410   -0.35546   -0.36115     +1.600743 
 120   79   80  1   0  0 0.020 01.0  0.00246   +0.10943   +0.10300     -5.875902 
 121   68   81  1   0  0 0.020 01.0  0.00246   +0.10880   +0.11073     +1.773897 
 122   81   80  1   0  0 0.020 01.0  0.00246   +0.10859   +0.10533     -3.002118 
 123   77   82  1   0  0 0.020 01.0  0.00362   -0.28268   -0.28887     +2.189755 
 124   82   83  1   0  0 0.020 01.0  0.00720   -0.82067   -0.81013     -1.284316 
 125   83   84  1   0  0 0.020 01.0  0.00423   -0.37450   -0.36718     -1.954606 
 126   83   85  1   0  0 0.020 01.0  0.00568   -0.59138   -0.59326     +0.317901 
 127   84   85  1   0  0 0.020 01.0  0.00480   -0.46001   -0.46554     +1.202148 
 128   85   86  1   0  0 0.020 01.0  0.00403   -0.34390   -0.34236     -0.447805 
 129   86   87  1   0  0 0.020 01.0  0.00502   -0.49270   -0.49685     +0.842298 
 130   85   88  1   0  0 0.020 01.0  0.00396   -0.33329   -0.32769     -1.680218 
 131   85   89  1   0  0 0.020 01.0  0.00480   -0.46067   -0.46181     +0.247466 
 132   88   89  1   0  0 0.020 01.0  0.00616   -0.66389   -0.66910     +0.784769 
 133   89   90  1   0  0 0.020 01.0  0.00568   +0.59164   +0.59347     +0.309310 
 134   90   91  1   0  0 0.020 01.0  0.00193   -0.02958   -0.02963     +0.169033 
 135   89   92  1   0  0 0.020 01.0  0.01688   +2.27174   +2.25067     -0.927483 
 136   91   92  1   0  0 0.020 01.0  0.00442   +0.40240   +0.39456     -1.948310 
 137   92   93  1   0  0 0.020 01.0  0.00638   +0.69689   +0.70176     +0.698819 
 138   92   94  1   0  0 0.020 01.0  0.00613   +0.65949   +0.67769     +2.759708 
 139   93   94  1   0  0 0.020 01.0  0.00575   +0.60307   +0.59098     -2.004742 
 140   94   95  1   0  0 0.020 01.0  0.00523   +0.52439   +0.51849     -1.125117 
 141   80   96  1   0  0 0.020 01.0  0.00334   -0.24167   -0.23956     -0.873091 
 142   82   96  1   0  0 0.020 01.0  0.00284   +0.16540   +0.15836     -4.256348 
 143   94   96  1   0  0 0.020 01.0  0.00447   +0.41051   +0.41080     +0.070644 
 144   80   97  1   0  0 0.020 01.0  0.00301   -0.19117   -0.19422     +1.595439 
 145   80   98  1   0  0 0.020 01.0  0.00249   -0.11293   -0.11646     +3.125830 
 146   80   99  1   0  0 0.020 01.0  0.00379   -0.30906   -0.31132     +0.731250 
 147   92  100  1   0  0 0.020 01.0  0.00454   +0.42083   +0.41400     -1.622983 
 148   94  100  1   0  0 0.020 01.0  0.00236   +0.09442   +0.09184     -2.732472 
 149   95   96  1   0  0 0.020 01.0  0.00329   +0.23295   +0.22761     -2.292337 
 150   96   97  1   0  0 0.020 01.0  0.00371   +0.29641   +0.30276     +2.142303 
 151   98  100  1   0  0 0.020 01.0  0.00404   -0.34625   -0.34541     -0.242599 
 152   99  100  1   0  0 0.020 01.0  0.00241   -0.10152   -0.10469     +3.122537 
 153  100  101  1   0  0 0.020 01.0  0.00381   -0.31185   -0.30945     -0.769601 
 154   92  102  1   0  0 0.020 01.0  0.00513   +0.51028   +0.51074     +0.090147 
 155  101  102  1   0  0 0.020 01.0  0.00485   -0.46677   -0.47946     +2.718684 
 156  100  103  1   0  0 0.020 01.0  0.00292   +0.17774   +0.17968     +1.091482 
 157  100  104  1   0  0 0.020 01.0  0.00231   +0.08627   +0.08226     -4.648198 
 158  103  104  1   0  0 0.020 01.0  0.00212   +0.05837   +0.06260     +7.246873 
 159  100  106  1   0  0 0.020 01.0  0.00256   +0.12395   +0.12033     -2.920532 
 160  105  107  1   0  0 0.020 01.0  0.00180   -0.01007   -0.01159    +15.094340 
 161  105  108  1   0  0 0.020 01.0  0.00196   +0.03421   +0.03422     +0.029231 
 162  106  107  1   0  0 0.020 01.0  0.00204   -0.04679   -0.05138     +9.809788 
 163  108  109  1   0  0 0.020 01.0  0.00187   +0.02016   +0.02029     +0.644841 
 164  103  110  1   0  0 0.020 01.0  0.00221   +0.07136   +0.07013     -1.723655 
 165  109  110  1   0  0 0.020 01.0  0.00197   -0.03484   -0.02923    -16.102181 
 166  110  111  1   0  0 0.020 01.0  0.00372   -0.29788   -0.30511     +2.427152 
 167  110  112  1   0  0 0.020 01.0  0.00218   +0.06715   +0.06241     -7.058824 
 168   17  113  1   0  0 0.020 01.0  0.00753   -0.86903   -0.87131     +0.262361 
 169   32  113  1   0  0 0.020 01.0  0.00601   +0.64188   +0.63271     -1.428616 
 170   32  114  1   0  0 0.020 01.0  0.00256   -0.12436   -0.12937     +4.028627 
 171   27  115  1   0  0 0.020 01.0  0.00394   +0.33111   +0.32125     -2.977862 
 172  114  115  1   0  0 0.020 01.0  0.00293   -0.17954   -0.18604     +3.620363 
 173   68  116  1   0  0 0.020 01.0  0.01001   -1.24177   -1.25809     +1.314253 
 174   12  117  1   0  0 0.020 01.0  0.00265   +0.13757   +0.13196     -4.077924 
 175   75  118  1   0  0 0.020 01.0  0.00371   +0.29627   +0.28925     -2.369460 
 176   76  118  1   0  0 0.020 01.0  0.00219   -0.06842   -0.07156     +4.589301 
 177    1    2  4   0  0 0.020 01.0  0.00279   -0.15803   -0.16462     +4.170094 
 178    1    3  4   0  0 0.020 01.0  0.00293   -0.17890   -0.18319     +2.397988 
 179    4    5  4   0  0 0.020 01.0  0.01659   +2.22797   +2.18770     -1.807475 
 180    3    5  4   0  0 0.020 01.0  0.00241   -0.10106   -0.10163     +0.564021 
 181    5    6  4   0  0 0.020 01.0  0.00458   +0.42710   +0.41810     -2.107235 
 182    6    7  4   0  0 0.020 01.0  0.00542   -0.55337   -0.56096     +1.371596 
 183    8    9  4   0  0 0.020 01.0  0.01516   -2.01349   -2.03528     +1.082201 
 184    8    5  4   0  0 0.020 01.0  0.00896   -1.08392   -1.08734     +0.315521 
 185    9   10  4   0  0 0.020 01.0  0.00670   -0.74565   -0.74190     -0.502917 
 186    4   11  4   0  0 0.020 01.0  0.00303   +0.19426   +0.19604     +0.916298 
 187    5   11  4   0  0 0.020 01.0  0.00207   -0.04998   -0.04700     -5.962385 
 188   11   12  4   0  0 0.040 02.0  0.00441   -0.40139   -0.40252     +0.281522 
 189    2   12  4   0  0 0.020 01.0  0.00302   -0.19364   -0.20055     +3.568478 
 190    3   12  4   0  0 0.020 01.0  0.00266   -0.13839   -0.13833     -0.043356 
 191    7   12  4   0  0 0.020 01.0  0.00553   -0.57001   -0.57434     +0.759636 
 192   11   13  4   0  0 0.020 01.0  0.00391   +0.32706   +0.32507     -0.608451 
 193   12   14  4   0  0 0.020 01.0  0.00237   +0.09564   +0.09783     +2.289837 
 194   13   15  4   0  0 0.020 01.0  0.00206   +0.04944   +0.04456     -9.870550 
 195   14   15  4   0  0 0.020 01.0  0.00246   +0.10827   +0.10507     -2.955574 
 196   12   16  4   0  0 0.020 01.0  0.00271   +0.14702   +0.11446    -22.146647 
 197   15   17  4   0  0 0.020 01.0  0.00223   +0.07399   +0.07017     -5.162860 
 198   16   17  4   0  0 0.020 01.0  0.00237   +0.09514   +0.09964     +4.729872 
 199   17   18  4   0  0 0.020 01.0  0.00201   +0.04165   +0.04529     +8.739496 
 200   18   19  4   0  0 0.020 01.0  0.00239   +0.09835   +0.09573     -2.663955 
 201   19   20  4   0  0 0.020 01.0  0.00251   +0.11664   +0.12115     +3.866598 
 202   15   19  4   0  0 0.020 01.0  0.00285   +0.16692   +0.16898     +1.234124 
 203   20   21  4   0  0 0.020 01.0  0.00247   +0.11025   +0.11370     +3.129252 
 204   21   22  4   0  0 0.020 01.0  0.00211   +0.05683   +0.05628     -0.967799 
 205   22   23  4   0  0 0.020 01.0  0.00184   +0.01546   +0.01351    -12.613195 
 206   23   24  4   0  0 0.020 01.0  0.00366   +0.28913   +0.29497     +2.019853 
 207   23   25  4   0  0 0.020 01.0  0.00226   -0.07892   -0.07732     -2.027369 
 208   26   25  4   0  0 0.020 01.0  0.02284   -3.16616   -3.18777     +0.682530 
 209   25   27  4   0  0 0.020 01.0  0.00283   -0.16433   -0.16821     +2.361103 
 210   27   28  4   0  0 0.020 01.0  0.00222   -0.07258   -0.06873     -5.304492 
 211   28   29  4   0  0 0.020 01.0  0.00242   -0.10271   -0.09879     -3.816571 
 212   30   17  4   0  0 0.020 01.0  0.00480   -0.46030   -0.45576     -0.986313 
 213    8   30  4   0  0 0.020 01.0  0.00396   -0.33370   -0.33770     +1.198681 
 214   26   30  4   0  0 0.020 01.0  0.01052   -1.31796   -1.32051     +0.193481 
 215   17   31  4   0  0 0.020 01.0  0.00268   +0.14149   +0.13796     -2.494876 
 216   29   31  4   0  0 0.020 01.0  0.00244   -0.10529   -0.10587     +0.550860 
 217   23   32  4   0  0 0.020 01.0  0.00333   -0.23933   -0.23347     -2.448502 
 218   31   32  4   0  0 0.020 01.0  0.00276   +0.15406   +0.15839     +2.810593 
 219   27   32  4   0  0 0.020 01.0  0.00208   -0.05183   -0.05055     -2.469612 
 220   15   33  4   0  0 0.020 01.0  0.00201   +0.04119   +0.03938     -4.394270 
 221   19   34  4   0  0 0.020 01.0  0.00196   -0.03385   -0.03647     +7.740030 
 222   35   36  4   0  0 0.020 01.0  0.00176   -0.00450   -0.00821    +82.444444 
 223   35   37  4   0  0 0.020 01.0  0.00212   -0.05750   -0.05461     -5.026087 
 224   33   37  4   0  0 0.020 01.0  0.00181   +0.01134   +0.00792    -30.158730 
 225   34   36  4   0  0 0.020 01.0  0.00340   +0.25053   +0.25329     +1.101664 
 226   34   37  4   0  0 0.020 01.0  0.00533   +0.53927   +0.52973     -1.769058 
 227   38   37  4   0  0 0.020 01.0  0.00572   +0.59852   +0.58349     -2.511194 
 228   37   39  4   0  0 0.020 01.0  0.00456   +0.42444   +0.43348     +2.129865 
 229   37   40  4   0  0 0.020 01.0  0.00420   +0.37029   +0.37244     +0.580626 
 230   30   38  4   0  0 0.020 01.0  0.00442   -0.40239   -0.40135     -0.258456 
 231   39   40  4   0  0 0.020 01.0  0.00404   +0.34530   +0.34053     -1.381407 
 232   40   41  4   0  0 0.020 01.0  0.00305   -0.19817   -0.20628     +4.092446 
 233   40   42  4   0  0 0.020 01.0  0.00341   -0.25193   -0.25551     +1.421030 
 234   41   42  4   0  0 0.020 01.0  0.00347   -0.26003   -0.26352     +1.342153 
 235   43   44  4   0  0 0.020 01.0  0.00251   -0.11608   -0.11922     +2.705031 
 236   34   43  4   0  0 0.020 01.0  0.00246   -0.10819   -0.10709     -1.016730 
 237   44   45  4   0  0 0.020 01.0  0.00180   +0.00981   +0.00876    -10.703364 
 238   45   46  4   0  0 0.020 01.0  0.00174   -0.00085   -0.00368   +332.941176 
 239   46   47  4   0  0 0.020 01.0  0.00312   +0.20802   +0.20273     -2.543025 
 240   46   48  4   0  0 0.020 01.0  0.00209   -0.05359   -0.05198     -3.004292 
 241   47   49  4   0  0 0.020 01.0  0.00472   -0.44854   -0.44212     -1.431310 
 242   42   49  4   0  0 0.020 01.0  0.00485   -0.46690   -0.46981     +0.623260 
 243   45   49  4   0  0 0.020 01.0  0.00174   +0.00067   +0.00207   +208.955224 
 244   48   49  4   0  0 0.020 01.0  0.00241   +0.10113   +0.09803     -3.065361 
 245   49   50  4   0  0 0.020 01.0  0.00269   -0.14367   -0.14360     -0.048723 
 246   49   51  4   0  0 0.020 01.0  0.00285   -0.16720   -0.17041     +1.919856 
 247   51   52  4   0  0 0.020 01.0  0.00223   -0.07479   -0.07564     +1.136516 
 248   52   53  4   0  0 0.020 01.0  0.00236   -0.09473   -0.09675     +2.132376 
 249   53   54  4   0  0 0.020 01.0  0.00256   -0.12366   -0.12457     +0.735889 
 250   49   54  4   0  0 0.020 01.0  0.00426   -0.37902   -0.37325     -1.522347 
 251   54   55  4   0  0 0.020 01.0  0.00255   +0.12222   +0.11780     -3.616429 
 252   54   56  4   0  0 0.020 01.0  0.00688   +0.77230   +0.76008     -1.582287 
 253   55   56  4   0  0 0.020 01.0  0.00255   -0.12279   -0.12295     +0.130304 
 254   56   57  4   0  0 0.020 01.0  0.00255   +0.12314   +0.11906     -3.313302 
 255   50   57  4   0  0 0.020 01.0  0.00279   -0.15804   -0.15804     +0.000000 
 256   56   58  4   0  0 0.020 01.0  0.00245   +0.10730   +0.10528     -1.882572 
 257   51   58  4   0  0 0.020 01.0  0.00262   -0.13278   -0.13226     -0.391625 
 258   54   59  4   0  0 0.020 01.0  0.00208   +0.05199   +0.04853     -6.655126 
 259   56   59  4   0  0 0.020 01.0  0.00217   +0.06503   +0.06446     -0.876519 
 260   55   59  4   0  0 0.020 01.0  0.00184   +0.01525   +0.00984    -35.475410 
 261   59   60  4   0  0 0.020 01.0  0.00629   +0.68325   +0.68635     +0.453714 
 262   59   61  4   0  0 0.020 01.0  0.00659   +0.72798   +0.72379     -0.575565 
 263   60   61  4   0  0 0.020 01.0  0.00606   +0.64894   +0.64495     -0.614849 
 264   60   62  4   0  0 0.020 01.0  0.00183   -0.01373   -0.01762    +28.332119 
 265   61   62  4   0  0 0.020 01.0  0.00341   -0.25118   -0.25595     +1.899037 
 266   63   59  4   0  0 0.020 01.0  0.00724   -0.82535   -0.83918     +1.675653 
 267   63   64  4   0  0 0.020 01.0  0.00724   +0.82535   +0.81392     -1.384867 
 268   64   61  4   0  0 0.020 01.0  0.01360   +1.77961   +1.75742     -1.246902 
 269   38   65  4   0  0 0.020 01.0  0.00561   -0.58140   -0.58816     +1.162711 
 270   64   65  4   0  0 0.020 01.0  0.00691   -0.77683   -0.78256     +0.737613 
 271   49   66  4   0  0 0.020 01.0  0.00532   +0.53773   +0.53143     -1.171592 
 272   62   66  4   0  0 0.020 01.0  0.00338   -0.24765   -0.25371     +2.447002 
 273   62   67  4   0  0 0.020 01.0  0.00325   -0.22672   -0.23341     +2.950776 
 274   65   66  4   0  0 0.040 02.0  0.00281   +0.16145   +0.16749     +3.741096 
 275   66   67  4   0  0 0.020 01.0  0.00330   +0.23462   +0.23993     +2.263234 
 276   65   68  4   0  0 0.020 01.0  0.00803   +0.94467   +0.93708     -0.803455 
 277   47   69  4   0  0 0.020 01.0  0.00630   +0.68435   +0.68507     +0.105209 
 278   49   69  4   0  0 0.020 01.0  0.00631   +0.68668   +0.67764     -1.316479 
 279   68   69  4   0  0 0.020 01.0  0.02290   +3.17524   +3.12863     -1.467921 
 280   69   70  4   0  0 0.020 01.0  0.00283   +0.16463   +0.16565     +0.619571 
 281   24   70  4   0  0 0.020 01.0  0.00426   +0.37832   +0.38097     +0.700465 
 282   70   71  4   0  0 0.020 01.0  0.00386   +0.31841   +0.32953     +3.492353 
 283   24   72  4   0  0 0.020 01.0  0.00799   +0.93801   +0.92512     -1.374186 
 284   71   72  4   0  0 0.020 01.0  0.00242   +0.10264   +0.09992     -2.650039 
 285   71   73  4   0  0 0.020 01.0  0.00311   +0.20648   +0.20174     -2.295622 
 286   70   74  4   0  0 0.020 01.0  0.00178   +0.00763   +0.01030    +34.993447 
 287   70   75  4   0  0 0.020 01.0  0.00218   -0.06677   -0.06366     -4.657780 
 288   69   75  4   0  0 0.020 01.0  0.00231   +0.08629   +0.09090     +5.342450 
 289   74   75  4   0  0 0.020 01.0  0.00336   -0.24459   -0.25026     +2.318165 
 290   76   77  4   0  0 0.020 01.0  0.00466   -0.43913   -0.43953     +0.091089 
 291   69   77  4   0  0 0.020 01.0  0.00479   -0.45787   -0.46810     +2.234259 
 292   75   77  4   0  0 0.020 01.0  0.00380   -0.31032   -0.30315     -2.310518 
 293   77   78  4   0  0 0.020 01.0  0.00368   -0.29216   -0.28993     -0.763280 
 294   78   79  4   0  0 0.020 01.0  0.00486   -0.46886   -0.47515     +1.341552 
 295   77   80  4   0  0 0.020 01.0  0.01967   -2.68994   -2.65782     -1.194079 
 296   79   80  4   0  0 0.020 01.0  0.00504   -0.49557   -0.50724     +2.354864 
 297   68   81  4   0  0 0.020 01.0  0.00243   -0.10485   -0.10590     +1.001431 
 298   81   80  4   0  0 0.020 01.0  0.00698   +0.78728   +0.77350     -1.750330 
 299   77   82  4   0  0 0.020 01.0  0.00325   -0.22697   -0.22464     -1.026567 
 300   82   83  4   0  0 0.020 01.0  0.00329   +0.23358   +0.23193     -0.706396 
 301   83   84  4   0  0 0.020 01.0  0.00279   +0.15775   +0.16159     +2.434231 
 302   83   85  4   0  0 0.020 01.0  0.00253   +0.11993   +0.12180     +1.559243 
 303   84   85  4   0  0 0.020 01.0  0.00249   +0.11360   +0.11256     -0.915493 
 304   85   86  4   0  0 0.020 01.0  0.00283   -0.16461   -0.17256     +4.829597 
 305   86   87  4   0  0 0.020 01.0  0.00320   -0.22030   -0.21821     -0.948706 
 306   85   88  4   0  0 0.020 01.0  0.00282   -0.16357   -0.16872     +3.148499 
 307   85   89  4   0  0 0.020 01.0  0.00316   -0.21459   -0.21405     -0.251643 
 308   88   89  4   0  0 0.020 01.0  0.00317   -0.21589   -0.22100     +2.366946 
 309   89   90  4   0  0 0.020 01.0  0.00485   -0.46797   -0.47706     +1.942432 
 310   90   91  4   0  0 0.020 01.0  0.00176   -0.00332   -0.00513    +54.518072 
 311   89   92  4   0  0 0.020 01.0  0.00281   -0.16109   -0.16657     +3.401825 
 312   91   92  4   0  0 0.020 01.0  0.00225   +0.07767   +0.07562     -2.639372 
 313   92   93  4   0  0 0.020 01.0  0.00272   -0.14781   -0.14926     +0.980989 
 314   92   94  4   0  0 0.020 01.0  0.00288   -0.17236   -0.17650     +2.401949 
 315   93   94  4   0  0 0.020 01.0  0.00314   -0.21077   -0.21813     +3.491958 
 316   94   95  4   0  0 0.020 01.0  0.00373   +0.29890   +0.29893     +0.010037 
 317   80   96  4   0  0 0.020 01.0  0.00199   +0.03875   +0.03854     -0.541935 
 318   82   96  4   0  0 0.020 01.0  0.00423   -0.37432   -0.38285     +2.278799 
 319   94   96  4   0  0 0.020 01.0  0.00307   +0.20027   +0.19775     -1.258301 
 320   80   97  4   0  0 0.020 01.0  0.00219   +0.06816   +0.06679     -2.009977 
 321   80   98  4   0  0 0.020 01.0  0.00325   -0.22707   -0.22719     +0.052847 
 322   80   99  4   0  0 0.020 01.0  0.00308   -0.20124   -0.20445     +1.595110 
 323   92  100  4   0  0 0.020 01.0  0.00354   -0.27086   -0.27733     +2.388688 
 324   94  100  4   0  0 0.020 01.0  0.00853   -1.01898   -1.00657     -1.217885 
 325   95   96  4   0  0 0.020 01.0  0.00230   +0.08427   +0.08398     -0.344132 
 326   96   97  4   0  0 0.020 01.0  0.00204   -0.04596   -0.04564     -0.696258 
 327   98  100  4   0  0 0.020 01.0  0.00345   -0.25749   -0.26095     +1.343742 
 328   99  100  4   0  0 0.020 01.0  0.00421   -0.37192   -0.37532     +0.914175 
 329  100  101  4   0  0 0.020 01.0  0.00389   +0.32356   +0.33062     +2.181976 
 330   92  102  4   0  0 0.020 01.0  0.00322   -0.22283   -0.22492     +0.937935 
 331  101  102  4   0  0 0.020 01.0  0.00332   +0.23771   +0.23539     -0.975979 
 332  100  103  4   0  0 0.020 01.0  0.00242   +0.10238   +0.10390     +1.484665 
 333  100  104  4   0  0 0.020 01.0  0.00215   +0.06180   +0.06211     +0.501618 
 334  103  104  4   0  0 0.020 01.0  0.00201   +0.04136   +0.04514     +9.139265 
 335  100  106  4   0  0 0.020 01.0  0.00183   +0.01500   +0.01590     +6.000000 
 336  105  107  4   0  0 0.020 01.0  0.00272   -0.14833   -0.15348     +3.471988 
 337  105  108  4   0  0 0.020 01.0  0.00199   -0.03887   -0.04002     +2.958580 
 338  106  107  4   0  0 0.020 01.0  0.00252   -0.11763   -0.11217     -4.641673 
 339  108  109  4   0  0 0.020 01.0  0.00190   -0.02449   -0.02506     +2.327481 
 340  103  110  4   0  0 0.020 01.0  0.00177   +0.00565   +0.00396    -29.911504 
 341  109  110  4   0  0 0.020 01.0  0.00198   -0.03665   -0.03414     -6.848568 
 342  110  111  4   0  0 0.020 01.0  0.00284   -0.16676   -0.16870     +1.163349 
 343  110  112  4   0  0 0.020 01.0  0.00406   -0.34900   -0.35681     +2.237822 
 344   17  113  4   0  0 0.020 01.0  0.00532   -0.53820   -0.54053     +0.432925 
 345   32  113  4   0  0 0.020 01.0  0.00334   -0.24182   -0.24725     +2.245472 
 346   32  114  4   0  0 0.020 01.0  0.00189   +0.02276   +0.01995    -12.346221 
 347   27  115  4   0  0 0.020 01.0  0.00179   +0.00810   +0.00607    -25.061728 
 348  114  115  4   0  0 0.020 01.0  0.00187   +0.02021   +0.01799    -10.984661 
 349   68  116  4   0  0 0.020 01.0  0.01283   -1.66477   -1.67042     +0.339386 
 350   12  117  4   0  0 0.020 01.0  0.00184   +0.01602   +0.01289    -19.538077 
 351   75  118  4   0  0 0.020 01.0  0.00245   +0.10719   +0.11098     +3.535778 
 352   76  118  4   0  0 0.020 01.0  0.00186   -0.01894   -0.02287    +20.749736 
 353    0    2  3   2  0 0.020 01.0  0.00012   -0.29321   -0.29326     +0.017053 
 354    0    5  3   5  0 0.020 01.0  0.00012   -0.23440   -0.23459     +0.081058 
 355    0    9  3   9  0 0.020 01.0  0.00012   -0.15469   -0.15487     +0.116362 
 356    0   11  3  11  0 0.020 01.0  0.00012   -0.28989   -0.28979     -0.034496 
 357    0   12  3  12  0 0.020 01.0  0.00012   -0.28631   -0.28646     +0.052391 
 358    0   17  3  17  0 0.020 01.0  0.00012   -0.18097   -0.18099     +0.011052 
 359    0   21  3  21  0 0.020 01.0  0.00012   -0.13500   -0.13530     +0.222222 
 360    0   25  3  25  0 0.020 01.0  0.00012   +0.06796   +0.06774     -0.323720 
 361    0   28  3  28  0 0.020 01.0  0.00012   -0.03890   -0.03917     +0.694087 
 362    0  114  3 114  0 0.020 01.0  0.00012   -0.03632   -0.03615     -0.468062 
 363    0    2  6   2  0 0.010 01.0  0.00355   +1.06605   +1.06292     -0.293607 
 364    0    5  6   5  0 0.010 01.0  0.00361   +1.08416   +1.08681     +0.244429 
 365    0    9  6   9  0 0.010 01.0  0.00366   +1.09710   +1.08849     -0.784796 
 366    0   11  6  11  0 0.010 01.0  0.00357   +1.07085   +1.06568     -0.482794 
 367    0   12  6  12  0 0.010 01.0  0.00360   +1.08000   +1.08002     +0.001852 
 368    0   17  6  17  0 0.010 01.0  0.00359   +1.07755   +1.07445     -0.287690 
 369    0   21  6  21  0 0.010 01.0  0.00352   +1.05622   +1.05051     -0.540607 
 370    0   25  6  25  0 0.010 01.0  0.00367   +1.10000   +1.10308     +0.280000 
 371    0   28  6  28  0 0.010 01.0  0.00365   +1.09422   +1.08570     -0.778637 
 372    0  114  6 114  0 0.010 01.0  0.00363   +1.08875   +1.09209     +0.306774 
 373    2   12  7   2  0 0.010 01.0  0.00038   -0.11368   -0.11357     -0.096763 
 374    2    1  7   2  0 0.010 01.0  0.00003   +0.00747   +0.00750     +0.401606 
 375    5    6  7   5  0 0.010 01.0  0.00186   +0.55669   +0.55470     -0.357470 
 376    5   11  7   5  0 0.010 01.0  0.00282   +0.84717   +0.85546     +0.978552 
 377    5    4  7   5  0 0.010 01.0  0.00219   +0.65650   +0.65472     -0.271135 
 378    5    3  7   5  0 0.010 01.0  0.00159   +0.47721   +0.47792     +0.148781 
 379    5    8  7   5  0 0.010 01.0  0.00812   -2.43685   -2.42397     -0.528551 
 380    9   10  7   9  0 0.010 01.0  0.00265   -0.79397   -0.79920     +0.658715 
 381    9    8  7   9  0 0.010 01.0  0.00265   +0.79397   +0.79268     -0.162475 
 382   11   12  7  11  0 0.010 01.0  0.00064   -0.19044   -0.19086     +0.220542 
 383   11   13  7  11  0 0.010 01.0  0.00475   +1.42401   +1.41640     -0.534406 
 384   11    4  7  11  0 0.010 01.0  0.00259   -0.77709   -0.78257     +0.705195 
 385   11    5  7  11  0 0.010 01.0  0.00281   -0.84232   -0.84702     +0.557983 
 386   12   14  7  12  0 0.010 01.0  0.00042   -0.12530   -0.12496     -0.271349 
 387   12   16  7  12  0 0.010 01.0  0.00105   -0.31408   -0.31467     +0.187850 
 388   12  117  7  12  0 0.010 01.0  0.00039   +0.11801   +0.11857     +0.474536 
 389   12   11  7  12  0 0.010 01.0  0.00064   +0.19197   +0.19121     -0.395895 
 390   12    2  7  12  0 0.010 01.0  0.00040   +0.11850   +0.11907     +0.481013 
 391   12    3  7  12  0 0.010 01.0  0.00002   -0.00688   -0.00690     +0.290698 
 392   12    7  7  12  0 0.010 01.0  0.00131   -0.39409   -0.39653     +0.619148 
 393   17   18  7  17  0 0.010 01.0  0.00203   +0.60853   +0.60751     -0.167617 
 394   17   31  7  17  0 0.010 01.0  0.00272   -0.81695   -0.81560     -0.165249 
 395   17  113  7  17  0 0.010 01.0  0.00234   -0.70342   -0.70501     +0.226038 
 396   17   15  7  17  0 0.010 01.0  0.00428   +1.28402   +1.28565     +0.126945 
 397   17   16  7  17  0 0.010 01.0  0.00156   +0.46875   +0.46960     +0.181333 
 398   17   30  7  17  0 0.010 01.0  0.00302   -0.90589   -0.90904     +0.347724 
 399   21   22  7  21  0 0.010 01.0  0.00200   -0.59891   -0.59708     -0.305555 
 400   21   20  7  21  0 0.010 01.0  0.00172   +0.51585   +0.51748     +0.315983 
 401   25   27  7  25  0 0.010 01.0  0.00177   +0.53101   +0.53029     -0.135591 
 402   25   23  7  25  0 0.010 01.0  0.00224   +0.67152   +0.67051     -0.150405 
 403   25   26  7  25  0 0.010 01.0  0.00028   -0.08438   -0.08484     +0.545153 
 404   28   29  7  28  0 0.010 01.0  0.00066   +0.19737   +0.19778     +0.207732 
 405   28   27  7  28  0 0.010 01.0  0.00101   -0.30159   -0.30352     +0.639942 
 406  114  115  7 114  0 0.010 01.0  0.00055   -0.16547   -0.16462     -0.513688 
 407  114   32  7 114  0 0.010 01.0  0.00039   +0.11569   +0.11495     -0.639640 
 408    2   12  8   2  0 0.010 01.0  0.00075   +0.22407   +0.22399     -0.035703 
 409    2    1  8   2  0 0.010 01.0  0.00044   -0.13125   -0.13156     +0.236190 
 410    5    6  8   5  0 0.010 01.0  0.00179   -0.53795   -0.53782     -0.024166 
 411    5   11  8   5  0 0.010 01.0  0.00052   -0.15490   -0.15515     +0.161394 
 412    5    4  8   5  0 0.010 01.0  0.00642   +1.92708   +1.91974     -0.380887 
 413    5    3  8   5  0 0.010 01.0  0.00069   -0.20679   -0.20566     -0.546448 
 414    5    8  8   5  0 0.010 01.0  0.00202   -0.60564   -0.60205     -0.592761 
 415    9   10  8   9  0 0.010 01.0  0.00271   +0.81168   +0.81160     -0.009856 
 416    9    8  8   9  0 0.010 01.0  0.00271   -0.81168   -0.81249     +0.099793 
 417   11   12  8  11  0 0.010 01.0  0.00149   +0.44796   +0.44864     +0.151799 
 418   11   13  8  11  0 0.010 01.0  0.00248   -0.74349   -0.74804     +0.611979 
 419   11    4  8  11  0 0.010 01.0  0.00130   +0.39065   +0.39100     +0.089594 
 420   11    5  8  11  0 0.010 01.0  0.00058   +0.17298   +0.17253     -0.260146 
 421   12   14  8  12  0 0.010 01.0  0.00019   -0.05542   -0.05560     +0.324792 
 422   12   16  8  12  0 0.010 01.0  0.00017   -0.04944   -0.04910     -0.687702 
 423   12  117  8  12  0 0.010 01.0  0.00017   -0.05020   -0.04996     -0.478088 
 424   12   11  8  12  0 0.010 01.0  0.00148   -0.44278   -0.44538     +0.587199 
 425   12    2  8  12  0 0.010 01.0  0.00069   -0.20790   -0.20810     +0.096200 
 426   12    3  8  12  0 0.010 01.0  0.00030   -0.08848   -0.08902     +0.610307 
 427   12    7  8  12  0 0.010 01.0  0.00145   -0.43596   -0.43811     +0.493165 
 428   17   18  8  17  0 0.010 01.0  0.00050   -0.15063   -0.14986     -0.511186 
 429   17   31  8  17  0 0.010 01.0  0.00005   +0.01599   +0.01599     +0.000000 
 430   17  113  8  17  0 0.010 01.0  0.00212   +0.63647   +0.63855     +0.326803 
 431   17   15  8  17  0 0.010 01.0  0.00062   -0.18648   -0.18682     +0.182325 
 432   17   16  8  17  0 0.010 01.0  0.00006   +0.01825   +0.01825     +0.000000 
 433   17   30  8  17  0 0.010 01.0  0.00101   -0.30189   -0.30374     +0.612806 
 434   21   22  8  21  0 0.010 01.0  0.00009   +0.02705   +0.02718     +0.480591 
 435   21   20  8  21  0 0.010 01.0  0.00012   +0.03678   +0.03689     +0.299076 
 436   25   27  8  25  0 0.010 01.0  0.00062   +0.18588   +0.18600     +0.064558 
 437   25   23  8  25  0 0.010 01.0  0.00012   +0.03466   +0.03439     -0.778996 
 438   25   26  8  25  0 0.010 01.0  0.01087   -3.26116   -3.26646     +0.162519 
 439   28   29  8  28  0 0.010 01.0  0.00029   +0.08626   +0.08599     -0.313007 
 440   28   27  8  28  0 0.010 01.0  0.00013   -0.03830   -0.03845     +0.391645 
 441  114  115  8 114  0 0.010 01.0  0.00004   -0.01256   -0.01262     +0.477707 
 442  114   32  8 114  0 0.010 01.0  0.00011   +0.03367   +0.03387     +0.594001 
----------------------------------------------------------------------------------
Número de medidores SCADA:     352
Número de PMUs:                114
Número de medidas das PMUs:    90
----------------------------------------------------------------------------------

Matriz de pesos formada com as covariâncias das telemedidas.
Medidas de ângulo: 
Barra: 2
Barra: 5
Barra: 9
Barra: 11
Barra: 12
Barra: 17
Barra: 21
Barra: 25
Barra: 28
Barra: 114
Não há medidores desabilitados.
============= Estado Ref =============== Estado Est ================ TVE =========
Barra     Mod(pu)    Ang(graus)      Mod(pu)   Ang(graus)            (%)         
----------------------------------------------------------------------------------
   1       1.0510       -16.82        1.0503       -16.83          0.0641 
   2       1.0660       -16.80        1.0655       -16.81          0.0524 
   3       1.0620       -16.28        1.0611       -16.28          0.0853 
   4       1.1000       -13.70        1.0993       -13.69          0.0674 
   5       1.0840       -13.43        1.0835       -13.43          0.0446 
   6       1.0550       -15.13        1.0543       -15.12          0.0648 
   7       1.0640       -15.69        1.0635       -15.69          0.0485 
   8       1.0550       -10.20        1.0545       -10.21          0.0515 
   9       1.0970        -8.86        1.0966        -8.87          0.0427 
  10       1.1000        -7.34        1.0995        -7.34          0.0452 
  11       1.0790       -16.61        1.0702       -16.62          0.8141 
  12       1.0800       -16.40        1.0794       -16.41          0.0566 
  13       1.0190       -22.71        1.0176       -22.70          0.1424 
  14       1.0750       -15.90        1.0747       -15.90          0.0254 
  15       1.0630       -13.44        1.0625       -13.43          0.0520 
  16       1.0740       -14.96        1.0736       -14.96          0.0396 
  17       1.0780       -10.37        1.0770       -10.37          0.0919 
  18       1.0680       -12.03        1.0675       -12.03          0.0495 
  19       1.0600       -12.75        1.0594       -12.76          0.0559 
  20       1.0560       -10.16        1.0549       -10.18          0.1152 
  21       1.0560        -7.73        1.0551        -7.75          0.0883 
  22       1.0640        -4.54        1.0628        -4.57          0.1258 
  23       1.0860         1.10        1.0854         1.10          0.0536 
  24       1.0800         2.83        1.0791         2.82          0.0895 
  25       1.1000         3.89        1.0993         3.88          0.0681 
  26       0.9760         4.58        0.9751         4.57          0.0987 
  27       1.0950        -0.83        1.0944        -0.83          0.0593 
  28       1.0940        -2.23        1.0936        -2.24          0.0466 
  29       1.0970        -3.28        1.0968        -3.30          0.0385 
  30       1.0600        -8.61        1.0596        -8.61          0.0382 
  31       1.1000        -3.41        1.0994        -3.42          0.0568 
  32       1.0890        -2.47        1.0884        -2.46          0.0603 
  33       1.0500       -14.40        1.0497       -14.43          0.0564 
  34       1.0490       -14.76        1.0488       -14.80          0.0643 
  35       1.0410       -14.91        1.0408       -14.94          0.0585 
  36       1.0410       -14.90        1.0409       -14.93          0.0581 
  37       1.0460       -14.41        1.0454       -14.44          0.0770 
  38       1.0650       -11.61        1.0647       -11.62          0.0344 
  39       0.9900       -15.81        0.9888       -15.82          0.1207 
  40       0.9650       -16.07        0.9641       -16.11          0.1126 
  41       0.9710       -17.00        0.9706       -17.03          0.0699 
  42       1.0050       -17.58        1.0049       -17.62          0.0676 
  43       1.0560       -16.60        1.0551       -16.64          0.1054 
  44       1.0710       -17.68        1.0710       -17.73          0.0810 
  45       1.0700       -17.46        1.0700       -17.52          0.1109 
  46       1.0770       -15.85        1.0769       -15.94          0.1624 
  47       1.0560       -14.44        1.0563       -14.53          0.1624 
  48       1.0800       -16.17        1.0800       -16.21          0.0764 
  49       1.0770       -15.79        1.0769       -15.84          0.0942 
  50       1.0780       -17.27        1.0777       -17.34          0.1338 
  51       1.0780       -19.10        1.0777       -19.15          0.1000 
  52       1.0780       -19.73        1.0778       -19.78          0.0832 
  53       1.0860       -20.44        1.0858       -20.48          0.0686 
  54       1.1000       -20.08        1.0995       -20.12          0.0836 
  55       1.0910       -20.05        1.0906       -20.09          0.0846 
  56       1.0930       -20.02        1.0926       -20.07          0.0928 
  57       1.0860       -19.11        1.0857       -19.14          0.0624 
  58       1.0830       -19.66        1.0832       -19.70          0.0777 
  59       1.0900       -18.02        1.0900       -18.07          0.0855 
  60       1.0050       -14.96        1.0046       -14.99          0.0573 
  61       0.9980       -14.30        0.9979       -14.31          0.0196 
  62       1.0060       -14.75        1.0060       -14.78          0.0445 
  63       1.0580       -14.97        1.0579       -15.01          0.0672 
  64       1.0440       -13.24        1.0433       -13.27          0.0881 
  65       1.0680        -9.72        1.0681        -9.77          0.0954 
  66       1.0640       -12.86        1.0641       -12.92          0.0976 
  67       1.0340       -14.26        1.0338       -14.32          0.1140 
  68       1.0560        -6.31        1.0557        -6.37          0.1089 
  69       0.9500         0.00        0.9510        -0.03          0.1137 
  70       0.9150        -1.10        0.9159        -1.13          0.1088 
  71       0.9080         0.40        0.9083         0.36          0.0756 
  72       0.9000         4.35        0.9011         4.34          0.1280 
  73       0.9000         1.35        0.9006         1.32          0.0860 
  74       0.9000        -3.73        0.9004        -3.74          0.0510 
  75       0.9130        -3.58        0.9132        -3.60          0.0405 
  76       0.9000        -4.71        0.9002        -4.72          0.0286 
  77       0.9780        -4.33        0.9787        -4.41          0.1506 
  78       0.9780        -5.04        0.9791        -5.10          0.1566 
  79       0.9880        -5.73        0.9887        -5.81          0.1562 
  80       1.0210        -6.60        1.0217        -6.66          0.1298 
  81       1.0490        -6.39        1.0490        -6.45          0.1135 
  82       1.0030        -3.25        1.0037        -3.30          0.1051 
  83       1.0040        -1.37        1.0041        -1.45          0.1320 
  84       1.0060         2.04        1.0058         1.94          0.1752 
  85       1.0130         3.90        1.0128         3.83          0.1318 
  86       1.0440         5.91        1.0445         5.81          0.1870 
  87       1.1000        10.74        1.1004        10.68          0.1188 
  88       1.0350         5.59        1.0350         5.49          0.1690 
  89       1.0590         7.92        1.0592         7.84          0.1425 
  90       1.0740         5.66        1.0743         5.58          0.1497 
  91       1.0740         5.79        1.0744         5.71          0.1455 
  92       1.0490         3.38        1.0495         3.35          0.0755 
  93       1.0450         0.10        1.0449         0.02          0.1364 
  94       1.0470        -2.44        1.0478        -2.50          0.1306 
  95       1.0280        -3.44        1.0287        -3.49          0.1110 
  96       1.0190        -4.05        1.0200        -4.09          0.1228 
  97       1.0170        -5.54        1.0181        -5.59          0.1391 
  98       1.0460        -6.22        1.0468        -6.26          0.1021 
  99       1.0710        -3.68        1.0719        -3.74          0.1264 
 100       1.1000        -3.59        1.1010        -3.64          0.1257 
 101       1.0690        -1.21        1.0695        -1.28          0.1328 
 102       1.0550         1.77        1.0555         1.74          0.0740 
 103       1.0910        -3.93        1.0919        -3.98          0.1204 
 104       1.0790        -4.23        1.0796        -4.28          0.1019 
 105       1.0790        -4.40        1.0801        -4.40          0.1044 
 106       1.0830        -4.80        1.0839        -4.83          0.0997 
 107       1.1000        -4.62        1.1013        -4.61          0.1205 
 108       1.0800        -4.55        1.0813        -4.56          0.1183 
 109       1.0800        -4.59        1.0816        -4.60          0.1513 
 110       1.0830        -4.50        1.0840        -4.52          0.1017 
 111       1.1000        -3.58        1.1013        -3.58          0.1169 
 112       1.1000        -5.07        1.1016        -5.09          0.1481 
 113       1.1000        -9.34        1.0995        -9.34          0.0419 
 114       1.0890        -2.08        1.0881        -2.07          0.0837 
 115       1.0890        -1.99        1.0883        -1.98          0.0692 
 116       1.0620        -6.08        1.0622        -6.14          0.1026 
 117       1.0710       -17.30        1.0706       -17.31          0.0378 
 118       0.9020        -4.46        0.9026        -4.46          0.0634 
----------------------------------------------------------------------------------
Convergiu em:    3 iteraçoes com TVE medio de     0.0980 
----------------------------------------------------------------------------------
--- RESIDUOS NORMALIZADOS --------------------------------------------------------
   N    D    P  TP      Real     Medido   Estimado      Med-Est        rn 
----------------------------------------------------------------------------------
 196   12   16  4    +0.1470    +0.1145    +0.1469  -3.2391e-002     13.107 
 422   12   16  8    -0.0494    -0.0491    -0.0489  -1.9707e-004     11.713 
  20   12   16  1    -0.3103    -0.3559    -0.3118  -4.4155e-002     11.105 
  91   63   64  1    -1.5904    -1.5760    -1.5903  +1.4244e-002      2.996 
 428   17   18  8    -0.1506    -0.1499    -0.1503  +4.3432e-004      2.982 
  24   18   19  1    +0.3094    +0.3057    +0.3129  -7.2233e-003      2.973 
  90   63   59  1    +1.5904    +1.5698    +1.5951  -2.5331e-002      2.952 
 337  105  108  4    -0.0389    -0.0400    -0.0409  +9.2900e-004      2.904 
 339  108  109  4    -0.0245    -0.0251    -0.0254  +3.4263e-004      2.902 
 341  109  110  4    -0.0367    -0.0341    -0.0351  +9.6684e-004      2.901 
 338  106  107  4    -0.1176    -0.1122    -0.1158  +3.6434e-003      2.854 
 294   78   79  4    -0.4689    -0.4752    -0.4713  -3.8398e-003      2.850 
 336  105  107  4    -0.1483    -0.1535    -0.1490  -4.5049e-003      2.848 
 296   79   80  4    -0.4956    -0.5072    -0.4950  -1.2282e-002      2.831 
 335  100  106  4    +0.0150    +0.0159    +0.0135  +2.3787e-003      2.827 
 340  103  110  4    +0.0056    +0.0040    +0.0057  -1.6960e-003      2.787 
 407  114   32  7    +0.1157    +0.1150    +0.1151  -1.9813e-004      2.779 
 291   69   77  4    -0.4579    -0.4681    -0.4579  -1.0186e-002      2.761 
 293   77   78  4    -0.2922    -0.2899    -0.2889  -1.0300e-003      2.732 
 274   65   66  4    +0.1615    +0.1675    +0.1604  +7.0587e-003      2.717 
  25   19   20  1    -0.4028    -0.4100    -0.3993  -1.0679e-002      2.710 
 292   75   77  4    -0.3103    -0.3031    -0.3122  +9.0052e-003      2.650 
 156  100  103  1    +0.1777    +0.1797    +0.1773  +2.3606e-003      2.646 
 138   92   94  1    +0.6595    +0.6777    +0.6626  +1.5097e-002      2.635 
 158  103  104  1    +0.0584    +0.0626    +0.0593  +3.2843e-003      2.629 
 442  114   32  8    +0.0337    +0.0339    +0.0338  +2.2465e-005      2.573 
 406  114  115  7    -0.1655    -0.1646    -0.1649  +2.7758e-004      2.557 
 175   75  118  1    +0.2963    +0.2893    +0.2923  -3.0636e-003      2.551 
 176   76  118  1    -0.0684    -0.0716    -0.0728  +1.2737e-003      2.539 
 157  100  104  1    +0.0863    +0.0823    +0.0867  -4.4711e-003      2.534 
 354    0    5  3    -0.2344    -0.2346    -0.2344  -2.3277e-004      2.510 
 114   76   77  1    -0.1666    -0.1667    -0.1614  -5.2925e-003      2.507 
 275   66   67  4    +0.2346    +0.2399    +0.2355  +4.3818e-003      2.489 
 172  114  115  1    -0.1795    -0.1860    -0.1788  -7.2292e-003      2.481 
 376    5   11  7    +0.8472    +0.8555    +0.8488  +6.6184e-003      2.455 
 273   62   67  4    -0.2267    -0.2334    -0.2283  -5.1190e-003      2.449 
  10    4   11  1    +0.9328    +0.9154    +0.9334  -1.8026e-002      2.327 
   1    1    2  1    -0.0474    -0.0525    -0.0476  -4.8225e-003      2.319 
 112   69   75  1    +0.4910    +0.4818    +0.4916  -9.8593e-003      2.317 
 225   34   36  4    +0.2505    +0.2533    +0.2484  +4.9323e-003      2.310 
 174   12  117  1    +0.1376    +0.1320    +0.1379  -5.9330e-003      2.299 
 119   77   80  1    -0.3555    -0.3612    -0.3646  +3.4558e-003      2.280 
 365    0    9  6    +1.0971    +1.0885    +1.0966  -8.1338e-003      2.274 
  82   54   59  1    -0.1679    -0.1742    -0.1683  -5.8626e-003      2.272 
 222   35   36  4    -0.0045    -0.0082    -0.0077  -4.9312e-004      2.263 
 223   35   37  4    -0.0575    -0.0546    -0.0579  +3.3036e-003      2.258 
 270   64   65  4    -0.7768    -0.7826    -0.7894  +6.8372e-003      2.257 
  44   15   33  1    +0.1683    +0.1768    +0.1730  +3.7885e-003      2.242 
  48   33   37  1    +0.0103    +0.0118    +0.0101  +1.6929e-003      2.239 
 260   55   59  4    +0.0153    +0.0098    +0.0133  -3.4864e-003      2.226 
 189    2   12  4    -0.1936    -0.2006    -0.1938  -6.7322e-003      2.224 
 170   32  114  1    -0.1244    -0.1294    -0.1237  -5.6780e-003      2.216 
 371    0   28  6    +1.0942    +1.0857    +1.0936  -7.8559e-003      2.204 
 347   27  115  4    +0.0081    +0.0061    +0.0088  -2.7592e-003      2.195 
 226   34   37  4    +0.5393    +0.5297    +0.5337  -3.9542e-003      2.185 
 414    5    8  8    -0.6056    -0.6020    -0.6035  +1.4129e-003      2.180 
 181    5    6  4    +0.4271    +0.4181    +0.4274  -9.3203e-003      2.178 
 177    1    2  4    -0.1580    -0.1646    -0.1585  -6.0937e-003      2.177 
 103   68   69  1    -2.9764    -3.0395    -2.9977  -4.1748e-002      2.151 
 111   70   75  1    +0.2402    +0.2460    +0.2401  +5.8504e-003      2.141 
 433   17   30  8    -0.3019    -0.3037    -0.3031  -6.2985e-004      2.115 
 374    2    1  7    +0.0075    +0.0075    +0.0075  +1.1189e-006      2.105 
  92   64   61  1    +0.7178    +0.7075    +0.7028  +4.6204e-003      2.097 
   7    8    9  1    -0.9916    -1.0090    -0.9923  -1.6736e-002      2.085 
   3    4    5  1    -0.1998    -0.2081    -0.2032  -4.9148e-003      2.077 
 199   17   18  4    +0.0417    +0.0453    +0.0413  +4.0361e-003      2.075 
 387   12   16  7    -0.3141    -0.3147    -0.3155  +8.4330e-004      2.074 
 409    2    1  8    -0.1313    -0.1316    -0.1319  +3.1508e-004      2.074 
 192   11   13  4    +0.3271    +0.3251    +0.3317  -6.6663e-003      2.066 
 404   28   29  7    +0.1974    +0.1978    +0.1973  +4.3672e-004      2.066 
 356    0   11  3    -0.2899    -0.2898    -0.2900  +2.0509e-004      2.055 
 403   25   26  7    -0.0844    -0.0848    -0.0848  -4.4619e-005      2.032 
 312   91   92  4    +0.0777    +0.0756    +0.0784  -2.7371e-003      2.010 
 310   90   91  4    -0.0033    -0.0051    -0.0040  -1.1162e-003      2.009 
 309   89   90  4    -0.4680    -0.4771    -0.4703  -6.7422e-003      2.003 
   4    3    5  1    -0.5487    -0.5603    -0.5494  -1.0855e-002      2.003 
 324   94  100  4    -1.0190    -1.0066    -1.0196  +1.3059e-002      1.983 
 198   16   17  4    +0.0951    +0.0996    +0.0950  +4.6310e-003      1.942 
 249   53   54  4    -0.1237    -0.1246    -0.1219  -2.6784e-003      1.941 
 117   77   78  1    +0.8668    +0.8505    +0.8557  -5.1857e-003      1.940 
 113   74   75  1    -0.1269    -0.1250    -0.1242  -8.7634e-004      1.933 
 147   92  100  1    +0.4208    +0.4140    +0.4222  -8.2188e-003      1.933 
 248   52   53  4    -0.0947    -0.0968    -0.0937  -3.0667e-003      1.923 
 306   85   88  4    -0.1636    -0.1687    -0.1657  -3.0517e-003      1.919 
 281   24   70  4    +0.3783    +0.3810    +0.3734  +7.5855e-003      1.918 
 268   64   61  4    +1.7796    +1.7574    +1.7736  -1.6182e-002      1.913 
 423   12  117  8    -0.0502    -0.0500    -0.0499  -3.0625e-005      1.911 
 377    5    4  7    +0.6565    +0.6547    +0.6571  -2.3622e-003      1.904 
 110   70   74  1    +0.2922    +0.2856    +0.2912  -5.5781e-003      1.895 
  32   26   25  1    +0.3362    +0.3287    +0.3359  -7.2490e-003      1.892 
 213    8   30  4    -0.3337    -0.3377    -0.3308  -6.8593e-003      1.891 
 308   88   89  4    -0.2159    -0.2210    -0.2184  -2.6030e-003      1.890 
  45   19   34  1    +0.1588    +0.1554    +0.1600  -4.5755e-003      1.874 
 247   51   52  4    -0.0748    -0.0756    -0.0747  -9.5684e-004      1.870 
 426   12    3  8    -0.0885    -0.0890    -0.0887  -3.2628e-004      1.869 
 202   15   19  4    +0.1669    +0.1690    +0.1653  +3.6915e-003      1.862 
   2    1    3  1    -0.3006    -0.2943    -0.3010  +6.7854e-003      1.861 
 120   79   80  1    +0.1094    +0.1030    +0.1058  -2.7628e-003      1.861 
 118   78   79  1    +0.3785    +0.3815    +0.3846  -3.0997e-003      1.844 
 210   27   28  4    -0.0726    -0.0687    -0.0727  +4.0031e-003      1.831 
 200   18   19  4    +0.0984    +0.0957    +0.0988  -3.0622e-003      1.830 
 416    9    8  8    -0.8117    -0.8125    -0.8134  +9.3571e-004      1.784 
 217   23   32  4    -0.2393    -0.2335    -0.2390  +5.4982e-003      1.775 
 179    4    5  4    +2.2280    +2.1877    +2.2149  -2.7235e-002      1.773 
 246   49   51  4    -0.1672    -0.1704    -0.1668  -3.5706e-003      1.759 
  11    5   11  1    +0.9324    +0.9475    +0.9335  +1.3985e-002      1.756 
 417   11   12  8    +0.4480    +0.4486    +0.4506  -1.9392e-003      1.748 
 171   27  115  1    +0.3311    +0.3212    +0.3272  -5.9239e-003      1.745 
 413    5    3  8    -0.2068    -0.2057    -0.2066  +9.6322e-004      1.740 
  35   28   29  1    +0.2121    +0.2067    +0.2120  -5.2302e-003      1.725 
  58   41   42  1    -0.0006    -0.0023    -0.0008  -1.5223e-003      1.720 
 187    5   11  4    -0.0500    -0.0470    -0.0504  +3.4268e-003      1.710 
  56   40   41  1    +0.2540    +0.2483    +0.2504  -2.1313e-003      1.708 
 194   13   15  4    +0.0494    +0.0446    +0.0477  -3.1726e-003      1.706 
 141   80   96  1    -0.2417    -0.2396    -0.2448  +5.1928e-003      1.701 
 259   56   59  4    +0.0650    +0.0645    +0.0619  +2.5981e-003      1.671 
 390   12    2  7    +0.1185    +0.1191    +0.1186  +4.7894e-004      1.640 
 139   93   94  1    +0.6031    +0.5910    +0.5956  -4.5867e-003      1.638 
 384   11    4  7    -0.7771    -0.7826    -0.7786  -3.9866e-003      1.638 
 137   92   93  1    +0.6969    +0.7018    +0.7086  -6.8588e-003      1.626 
 359    0   21  3    -0.1350    -0.1353    -0.1353  -4.7698e-005      1.623 
  57   40   42  1    +0.0697    +0.0716    +0.0686  +2.9409e-003      1.605 
 381    9    8  7    +0.7940    +0.7927    +0.7946  -1.8900e-003      1.601 
 346   32  114  4    +0.0228    +0.0199    +0.0229  -2.9527e-003      1.586 
 399   21   22  7    -0.5989    -0.5971    -0.5958  -1.2452e-003      1.573 
  12   11   12  1    -0.3325    -0.3393    -0.3331  -6.2122e-003      1.571 
 396   17   15  7    +1.2840    +1.2857    +1.2806  +5.0545e-003      1.552 
 432   17   16  8    +0.0182    +0.0182    +0.0182  +6.3076e-006      1.551 
 388   12  117  7    +0.1180    +0.1186    +0.1185  +1.0218e-004      1.543 
  33   25   27  1    +0.5966    +0.5862    +0.5947  -8.4671e-003      1.536 
 211   28   29  4    -0.1027    -0.0988    -0.1024  +3.6162e-003      1.525 
  83   56   59  1    -0.2957    -0.2929    -0.2971  +4.2953e-003      1.520 
 169   32  113  1    +0.6419    +0.6327    +0.6416  -8.8521e-003      1.519 
 389   12   11  7    +0.1920    +0.1912    +0.1919  -6.9242e-004      1.519 
 182    6    7  4    -0.5534    -0.5610    -0.5550  -5.9283e-003      1.514 
 272   62   66  4    -0.2477    -0.2537    -0.2489  -4.7652e-003      1.497 
 350   12  117  4    +0.0160    +0.0129    +0.0156  -2.6831e-003      1.485 
 419   11    4  8    +0.3907    +0.3910    +0.3893  +1.7005e-003      1.478 
 441  114  115  8    -0.0126    -0.0126    -0.0126  -1.5390e-006      1.474 
 183    8    9  4    -2.0135    -2.0353    -2.0134  -2.1917e-002      1.468 
  42   31   32  1    -0.1480    -0.1484    -0.1516  +3.2791e-003      1.428 
 295   77   80  4    -2.6899    -2.6578    -2.6820  +2.4206e-002      1.418 
 345   32  113  4    -0.2418    -0.2473    -0.2426  -4.6864e-003      1.411 
 121   68   81  1    +0.1088    +0.1107    +0.1105  +2.0444e-004      1.406 
 238   45   46  4    -0.0008    -0.0037    -0.0025  -1.1657e-003      1.401 
  75   54   55  1    +0.0234    +0.0264    +0.0239  +2.5361e-003      1.390 
 437   25   23  8    +0.0347    +0.0344    +0.0344  -1.0068e-005      1.383 
 279   68   69  4    +3.1752    +3.1286    +3.1551  -2.6459e-002      1.366 
 195   14   15  4    +0.1083    +0.1051    +0.1084  -3.2926e-003      1.365 
 122   81   80  1    +0.1086    +0.1053    +0.1050  +3.6532e-004      1.360 
 427   12    7  8    -0.4360    -0.4381    -0.4373  -8.1834e-004      1.352 
  86   59   61  1    -0.3071    -0.3153    -0.3107  -4.5320e-003      1.352 
  29   22   23  1    -0.7062    -0.7163    -0.7080  -8.3309e-003      1.352 
 209   25   27  4    -0.1643    -0.1682    -0.1644  -3.7654e-003      1.352 
 216   29   31  4    -0.1053    -0.1059    -0.1070  +1.1266e-003      1.350 
 369    0   21  6    +1.0562    +1.0505    +1.0551  -4.6283e-003      1.345 
  97   62   67  1    -0.1236    -0.1185    -0.1169  -1.6049e-003      1.325 
   5    5    6  1    +0.7225    +0.7121    +0.7204  -8.2871e-003      1.318 
  85   59   60  1    -0.2495    -0.2552    -0.2515  -3.6925e-003      1.314 
 323   92  100  4    -0.2709    -0.2773    -0.2729  -4.4730e-003      1.314 
 366    0   11  6    +1.0709    +1.0657    +1.0702  -4.5365e-003      1.296 
 333  100  104  4    +0.0618    +0.0621    +0.0643  -2.1575e-003      1.293 
 197   15   17  4    +0.0740    +0.0702    +0.0727  -2.5433e-003      1.292 
 392   12    7  7    -0.3941    -0.3965    -0.3973  +7.4850e-004      1.291 
  40   29   31  1    +0.0471    +0.0445    +0.0438  +6.2284e-004      1.289 
 154   92  102  1    +0.5103    +0.5107    +0.5086  +2.1262e-003      1.285 
 178    1    3  4    -0.1789    -0.1832    -0.1799  -3.3258e-003      1.274 
 155  101  102  1    -0.4668    -0.4795    -0.4756  -3.8380e-003      1.274 
  26   15   19  1    -0.2941    -0.2832    -0.2856  +2.4254e-003      1.274 
 153  100  101  1    -0.3119    -0.3095    -0.3071  -2.3978e-003      1.274 
 212   30   17  4    -0.4603    -0.4558    -0.4616  +5.8664e-003      1.263 
 288   69   75  4    +0.0863    +0.0909    +0.0890  +1.8778e-003      1.262 
 352   76  118  4    -0.0189    -0.0229    -0.0226  -2.8608e-004      1.257 
 300   82   83  4    +0.2336    +0.2319    +0.2328  -8.7947e-004      1.253 
 186    4   11  4    +0.1943    +0.1960    +0.1923  +3.6948e-003      1.248 
  99   66   67  1    +0.3194    +0.3247    +0.3218  +2.9491e-003      1.244 
 203   20   21  4    +0.1103    +0.1137    +0.1107  +3.0199e-003      1.227 
 206   23   24  4    +0.2891    +0.2950    +0.2943  +6.3103e-004      1.211 
 348  114  115  4    +0.0202    +0.0180    +0.0202  -2.2209e-003      1.199 
 215   17   31  4    +0.1415    +0.1380    +0.1411  -3.1047e-003      1.178 
 351   75  118  4    +0.1072    +0.1110    +0.1106  +4.0089e-004      1.178 
 239   46   47  4    +0.2080    +0.2027    +0.2052  -2.4419e-003      1.163 
 101   47   69  1    -0.6808    -0.6787    -0.6856  +6.9150e-003      1.160 
  81   51   58  1    +0.1164    +0.1134    +0.1124  +1.0806e-003      1.153 
  80   56   58  1    -0.0333    -0.0366    -0.0357  -9.0365e-004      1.153 
  84   55   59  1    -0.1838    -0.1814    -0.1844  +2.9814e-003      1.148 
 143   94   96  1    +0.4105    +0.4108    +0.4065  +4.2613e-003      1.137 
 385   11    5  7    -0.8423    -0.8470    -0.8440  -3.0243e-003      1.134 
  77   55   56  1    -0.0741    -0.0727    -0.0734  +6.2228e-004      1.133 
 393   17   18  7    +0.6085    +0.6075    +0.6086  -1.1270e-003      1.131 
 218   31   32  4    +0.1541    +0.1584    +0.1555  +2.8550e-003      1.128 
 241   47   49  4    -0.4485    -0.4421    -0.4392  -2.8746e-003      1.117 
 334  103  104  4    +0.0414    +0.0451    +0.0438  +1.3280e-003      1.113 
 372    0  114  6    +1.0888    +1.0921    +1.0881  +3.9915e-003      1.113 
 421   12   14  8    -0.0554    -0.0556    -0.0556  +1.8167e-005      1.111 
 278   49   69  4    +0.6867    +0.6776    +0.6843  -6.6897e-003      1.108 
  94   64   65  1    -2.3134    -2.2909    -2.3040  +1.3059e-002      1.105 
 382   11   12  7    -0.1904    -0.1909    -0.1904  -4.9112e-004      1.081 
  28   21   22  1    -0.6307    -0.6208    -0.6268  +5.9736e-003      1.079 
 251   54   55  4    +0.1222    +0.1178    +0.1203  -2.4984e-003      1.078 
 290   76   77  4    -0.4391    -0.4395    -0.4439  +4.3893e-003      1.075 
  76   54   56  1    +0.1029    +0.1066    +0.1070  -4.5861e-004      1.069 
 319   94   96  4    +0.2003    +0.1978    +0.2004  -2.6642e-003      1.068 
 149   95   96  1    +0.2329    +0.2276    +0.2291  -1.4735e-003      1.065 
  38   26   30  1    +2.6638    +2.6351    +2.6552  -2.0050e-002      1.062 
 140   94   95  1    +0.5244    +0.5185    +0.5214  -2.9039e-003      1.061 
 370    0   25  6    +1.1000    +1.1031    +1.0993  +3.8014e-003      1.050 
  62   45   46  1    -0.2340    -0.2274    -0.2295  +2.1067e-003      1.036 
   6    6    7  1    +0.4103    +0.4120    +0.4146  -2.6146e-003      1.031 
   8    8    5  1    +2.4172    +2.3855    +2.4027  -1.7204e-002      1.027 
 307   85   89  4    -0.2146    -0.2140    -0.2169  +2.8423e-003      1.024 
 302   83   85  4    +0.1199    +0.1218    +0.1238  -1.9510e-003      1.021 
 435   21   20  8    +0.0368    +0.0369    +0.0369  -7.1166e-006      1.019 
 328   99  100  4    -0.3719    -0.3753    -0.3736  -1.7692e-003      1.005 
 262   59   61  4    +0.7280    +0.7238    +0.7299  -6.1293e-003      0.999 
 116   75   77  1    -0.0289    -0.0233    -0.0247  +1.3594e-003      0.995 
  15    7   12  1    +0.2783    +0.2844    +0.2811  +3.3464e-003      0.988 
 322   80   99  4    -0.2012    -0.2044    -0.2021  -2.3871e-003      0.980 
  95   49   66  1    -1.1666    -1.1714    -1.1656  -5.7925e-003      0.971 
 243   45   49  4    +0.0007    +0.0021    +0.0009  +1.1434e-003      0.967 
 164  103  110  1    +0.0714    +0.0701    +0.0692  +9.1122e-004      0.944 
  14    3   12  1    -0.0193    -0.0176    -0.0193  +1.7417e-003      0.942 
 386   12   14  7    -0.1253    -0.1250    -0.1250  +7.1728e-005      0.932 
  70   49   51  1    +0.4365    +0.4406    +0.4371  +3.5632e-003      0.927 
 184    8    5  4    -1.0839    -1.0873    -1.0793  -8.0592e-003      0.925 
 287   70   75  4    -0.0668    -0.0637    -0.0653  +1.5982e-003      0.924 
 364    0    5  6    +1.0842    +1.0868    +1.0835  +3.2912e-003      0.921 
 402   25   23  7    +0.6715    +0.6705    +0.6696  +9.3759e-004      0.917 
 418   11   13  8    -0.7435    -0.7480    -0.7468  -1.2860e-003      0.917 
 208   26   25  4    -3.1662    -3.1878    -3.1685  -1.9285e-002      0.897 
 193   12   14  4    +0.0956    +0.0978    +0.0957  +2.1125e-003      0.890 
  43   27   32  1    +0.4412    +0.4406    +0.4368  +3.8016e-003      0.884 
 411    5   11  8    -0.1549    -0.1552    -0.1548  -3.4180e-004      0.883 
  67   45   49  1    -0.1713    -0.1739    -0.1719  -1.9529e-003      0.876 
  16   11   13  1    +1.6889    +1.6939    +1.6832  +1.0751e-002      0.876 
 412    5    4  8    +1.9271    +1.9197    +1.9161  +3.6192e-003      0.875 
 397   17   16  7    +0.4688    +0.4696    +0.4684  +1.1713e-003      0.852 
 311   89   92  4    -0.1611    -0.1666    -0.1673  +6.9176e-004      0.850 
 159  100  106  1    +0.1240    +0.1203    +0.1217  -1.3740e-003      0.849 
 237   44   45  4    +0.0098    +0.0088    +0.0090  -2.5734e-004      0.839 
  51   38   37  1    +1.4515    +1.4530    +1.4592  -6.1888e-003      0.839 
 235   43   44  4    -0.1161    -0.1192    -0.1178  -1.4115e-003      0.837 
  63   46   47  1    -0.1523    -0.1522    -0.1537  +1.5346e-003      0.835 
 236   34   43  4    -0.1082    -0.1071    -0.1062  -8.6822e-004      0.829 
 383   11   13  7    +1.4240    +1.4164    +1.4185  -2.0501e-003      0.821 
 252   54   56  4    +0.7723    +0.7601    +0.7580  +2.0899e-003      0.818 
  54   30   38  1    +1.0780    +1.0796    +1.0845  -4.8855e-003      0.814 
 400   21   20  7    +0.5159    +0.5175    +0.5169  +5.8735e-004      0.807 
 150   96   97  1    +0.2964    +0.3028    +0.3009  +1.8706e-003      0.790 
  52   37   39  1    +0.3721    +0.3692    +0.3713  -2.0949e-003      0.790 
  55   39   40  1    +0.1784    +0.1834    +0.1840  -6.3982e-004      0.790 
 242   42   49  4    -0.4669    -0.4698    -0.4669  -2.8601e-003      0.780 
 108   71   72  1    -0.2823    -0.2843    -0.2862  +1.8982e-003      0.761 
 373    2   12  7    -0.1137    -0.1136    -0.1138  +2.0287e-004      0.761 
 107   24   72  1    +0.1089    +0.1054    +0.1062  -7.8160e-004      0.759 
 250   49   54  4    -0.3790    -0.3733    -0.3762  +2.9181e-003      0.758 
 420   11    5  8    +0.1730    +0.1725    +0.1729  -3.4844e-004      0.755 
 106   70   71  1    -0.5360    -0.5276    -0.5283  +7.3705e-004      0.754 
 144   80   97  1    -0.1912    -0.1942    -0.1930  -1.2169e-003      0.749 
  37    8   30  1    -0.6166    -0.6271    -0.6235  -3.6225e-003      0.735 
 317   80   96  4    +0.0388    +0.0385    +0.0373  +1.2514e-003      0.734 
  71   51   52  1    +0.1952    +0.1905    +0.1913  -7.3003e-004      0.729 
 363    0    2  6    +1.0660    +1.0629    +1.0655  -2.5329e-003      0.725 
 368    0   17  6    +1.0776    +1.0744    +1.0770  -2.5605e-003      0.725 
 207   23   25  4    -0.0789    -0.0773    -0.0789  +1.6244e-003      0.725 
 408    2   12  8    +0.2241    +0.2240    +0.2244  -4.0045e-004      0.709 
  46   35   36  1    -0.0206    -0.0175    -0.0176  +1.3526e-004      0.707 
 160  105  107  1    -0.0101    -0.0116    -0.0121  +4.7125e-004      0.704 
 299   77   82  4    -0.2270    -0.2246    -0.2232  -1.3977e-003      0.693 
 276   65   68  4    +0.9447    +0.9371    +0.9378  -7.3789e-004      0.688 
 127   84   85  1    -0.4600    -0.4655    -0.4668  +1.2499e-003      0.685 
 162  106  107  1    -0.0468    -0.0514    -0.0508  -5.9850e-004      0.683 
  96   62   66  1    -0.2106    -0.2061    -0.2080  +1.8808e-003      0.679 
 125   83   84  1    -0.3745    -0.3672    -0.3690  +1.8669e-003      0.676 
  47   35   37  1    -0.2044    -0.2048    -0.2030  -1.7661e-003      0.675 
  98   65   66  1    +1.6801    +1.6889    +1.6832  +5.6907e-003      0.657 
 320   80   97  4    +0.0682    +0.0668    +0.0660  +7.8293e-004      0.655 
 360    0   25  3    +0.0680    +0.0677    +0.0677  +3.1789e-005      0.641 
  31   23   25  1    -0.7325    -0.7259    -0.7299  +3.9647e-003      0.641 
  27   20   21  1    -0.5298    -0.5335    -0.5303  -3.2095e-003      0.638 
 126   83   85  1    -0.5914    -0.5933    -0.5902  -3.1049e-003      0.636 
 326   96   97  4    -0.0460    -0.0456    -0.0450  -6.2564e-004      0.630 
  13    2   12  1    -0.1851    -0.1833    -0.1852  +1.8372e-003      0.626 
  65   47   49  1    +0.2940    +0.2862    +0.2852  +9.7133e-004      0.608 
 440   28   27  8    -0.0383    -0.0384    -0.0384  -6.2635e-006      0.608 
 353    0    2  3    -0.2932    -0.2933    -0.2933  +5.9929e-005      0.606 
 130   85   88  1    -0.3333    -0.3277    -0.3288  +1.1188e-003      0.599 
 265   61   62  4    -0.2512    -0.2560    -0.2545  -1.4526e-003      0.592 
 142   82   96  1    +0.1654    +0.1584    +0.1589  -5.4143e-004      0.588 
  72   52   53  1    +0.0715    +0.0695    +0.0704  -8.3150e-004      0.580 
 436   25   27  8    +0.1859    +0.1860    +0.1859  +1.4878e-004      0.577 
 380    9   10  7    -0.7940    -0.7992    -0.7997  +5.0328e-004      0.576 
  53   37   40  1    +0.3129    +0.3167    +0.3148  +1.8586e-003      0.569 
  73   53   54  1    -0.0859    -0.0841    -0.0834  -6.4695e-004      0.568 
 201   19   20  4    +0.1166    +0.1211    +0.1202  +9.7788e-004      0.564 
  18   13   15  1    -0.6887    -0.6913    -0.6879  -3.4683e-003      0.561 
  88   60   62  1    -0.0663    -0.0689    -0.0681  -8.1650e-004      0.559 
 258   54   59  4    +0.0520    +0.0485    +0.0496  -1.0318e-003      0.552 
 132   88   89  1    -0.6639    -0.6691    -0.6708  +1.7332e-003      0.545 
 123   77   82  1    -0.2827    -0.2889    -0.2875  -1.3761e-003      0.542 
 431   17   15  8    -0.1865    -0.1868    -0.1867  -1.0715e-004      0.542 
 163  108  109  1    +0.0202    +0.0203    +0.0204  -6.2726e-005      0.539 
 229   37   40  4    +0.3703    +0.3724    +0.3743  -1.8470e-003      0.534 
 161  105  108  1    +0.0342    +0.0342    +0.0344  -1.6623e-004      0.529 
   9    9   10  1    -0.9979    -1.0079    -1.0037  -4.2045e-003      0.527 
 165  109  110  1    -0.0348    -0.0292    -0.0291  -1.7252e-004      0.527 
 232   40   41  4    -0.1982    -0.2063    -0.2060  -3.2845e-004      0.526 
 100   65   68  1    -4.0870    -4.0780    -4.0720  -6.0128e-003      0.520 
 391   12    3  7    -0.0069    -0.0069    -0.0069  -4.2298e-007      0.518 
 321   80   98  4    -0.2271    -0.2272    -0.2265  -7.2576e-004      0.517 
 357    0   12  3    -0.2863    -0.2865    -0.2864  -5.1671e-005      0.514 
 332  100  103  4    +0.1024    +0.1039    +0.1042  -3.2657e-004      0.507 
 327   98  100  4    -0.2575    -0.2610    -0.2596  -1.3578e-003      0.505 
 180    3    5  4    -0.1011    -0.1016    -0.1004  -1.1926e-003      0.504 
 358    0   17  3    -0.1810    -0.1810    -0.1810  -3.4294e-005      0.496 
  34   27   28  1    +0.3299    +0.3336    +0.3317  +1.8905e-003      0.494 
 234   41   42  4    -0.2600    -0.2635    -0.2624  -1.1154e-003      0.493 
  17   12   14  1    -0.1129    -0.1137    -0.1125  -1.1966e-003      0.488 
 146   80   99  1    -0.3091    -0.3113    -0.3097  -1.5823e-003      0.463 
 286   70   74  4    +0.0076    +0.0103    +0.0108  -5.2905e-004      0.457 
 263   60   61  4    +0.6489    +0.6450    +0.6437  +1.2002e-003      0.449 
 401   25   27  7    +0.5310    +0.5303    +0.5296  +6.7104e-004      0.448 
 264   60   62  4    -0.0137    -0.0176    -0.0171  -4.7207e-004      0.448 
 191    7   12  4    -0.5700    -0.5743    -0.5719  -2.4041e-003      0.447 
  49   34   36  1    +0.1834    +0.1789    +0.1795  -5.6483e-004      0.440 
 430   17  113  8    +0.6365    +0.6385    +0.6389  -3.6915e-004      0.434 
 362    0  114  3    -0.0363    -0.0362    -0.0362  +2.7626e-005      0.428 
  21   15   17  1    -1.3750    -1.3753    -1.3708  -4.4795e-003      0.427 
 152   99  100  1    -0.1015    -0.1047    -0.1045  -2.1714e-004      0.424 
 289   74   75  4    -0.2446    -0.2503    -0.2497  -5.3857e-004      0.414 
 224   33   37  4    +0.0113    +0.0079    +0.0083  -4.1565e-004      0.406 
 104   69   70  1    +0.1837    +0.1850    +0.1843  +7.1895e-004      0.398 
 220   15   33  4    +0.0412    +0.0394    +0.0398  -4.3666e-004      0.393 
 298   81   80  4    +0.7873    +0.7735    +0.7726  +9.0486e-004      0.391 
 269   38   65  4    -0.5814    -0.5882    -0.5897  +1.5067e-003      0.390 
 221   19   34  4    -0.0338    -0.0365    -0.0358  -6.7865e-004      0.386 
 115   69   77  1    +0.5684    +0.5794    +0.5777  +1.7017e-003      0.374 
 313   92   93  4    -0.1478    -0.1493    -0.1488  -5.0321e-004      0.364 
  89   61   62  1    +0.1588    +0.1627    +0.1621  +5.9108e-004      0.359 
  66   42   49  1    -0.2929    -0.2924    -0.2916  -8.3921e-004      0.357 
 398   17   30  7    -0.9059    -0.9090    -0.9085  -5.4733e-004      0.355 
 148   94  100  1    +0.0944    +0.0918    +0.0916  +1.9400e-004      0.336 
 254   56   57  4    +0.1231    +0.1191    +0.1194  -3.6093e-004      0.335 
 240   46   48  4    -0.0536    -0.0520    -0.0514  -5.3642e-004      0.334 
 244   48   49  4    +0.1011    +0.0980    +0.0982  -1.8880e-004      0.333 
 266   63   59  4    -0.8254    -0.8392    -0.8379  -1.3246e-003      0.332 
 375    5    6  7    +0.5567    +0.5547    +0.5551  -3.9814e-004      0.328 
 355    0    9  3    -0.1547    -0.1549    -0.1549  +2.0411e-005      0.328 
 255   50   57  4    -0.1580    -0.1580    -0.1586  +5.9943e-004      0.326 
 267   63   64  4    +0.8254    +0.8139    +0.8133  +6.0224e-004      0.319 
 245   49   50  4    -0.1437    -0.1436    -0.1439  +2.9603e-004      0.316 
 185    9   10  4    -0.7457    -0.7419    -0.7438  +1.8881e-003      0.310 
 395   17  113  7    -0.7034    -0.7050    -0.7052  +2.2670e-004      0.295 
 297   68   81  4    -0.1049    -0.1059    -0.1059  +4.7268e-005      0.290 
 361    0   28  3    -0.0389    -0.0392    -0.0391  -2.0314e-005      0.290 
  74   49   54  1    +0.5292    +0.5273    +0.5287  -1.3209e-003      0.283 
 315   93   94  4    -0.2108    -0.2181    -0.2177  -4.7028e-004      0.280 
 318   82   96  4    -0.3743    -0.3829    -0.3835  +6.9902e-004      0.278 
 131   85   89  1    -0.4607    -0.4618    -0.4607  -1.1499e-003      0.278 
  19   14   15  1    -0.2094    -0.2097    -0.2105  +8.3162e-004      0.278 
 425   12    2  8    -0.2079    -0.2081    -0.2082  +1.3505e-004      0.274 
 134   90   91  1    -0.0296    -0.0296    -0.0295  -9.5355e-005      0.261 
  69   49   50  1    +0.3510    +0.3566    +0.3571  -4.7121e-004      0.260 
  79   50   57  1    +0.2318    +0.2240    +0.2244  -4.9942e-004      0.258 
 316   94   95  4    +0.2989    +0.2989    +0.2994  -5.0471e-004      0.257 
 378    5    3  7    +0.4772    +0.4779    +0.4783  -3.6094e-004      0.244 
 415    9   10  8    +0.8117    +0.8116    +0.8113  +2.6262e-004      0.241 
  78   56   57  1    -0.1457    -0.1511    -0.1513  +2.3628e-004      0.237 
 219   27   32  4    -0.0518    -0.0505    -0.0509  +3.9350e-004      0.233 
 325   95   96  4    +0.0843    +0.0840    +0.0842  -2.1789e-004      0.228 
 410    5    6  8    -0.5380    -0.5378    -0.5381  +2.6727e-004      0.223 
  60   34   43  1    +0.1911    +0.1915    +0.1912  +3.3687e-004      0.218 
 124   82   83  1    -0.8207    -0.8101    -0.8105  +4.0095e-004      0.215 
 405   28   27  7    -0.3016    -0.3035    -0.3034  -9.3052e-005      0.206 
 145   80   98  1    -0.1129    -0.1165    -0.1166  +1.7126e-004      0.205 
 429   17   31  8    +0.0160    +0.0160    +0.0160  -3.6129e-007      0.201 
 253   55   56  4    -0.1228    -0.1230    -0.1228  -1.1372e-004      0.201 
  59   43   44  1    +0.0664    +0.0669    +0.0667  +2.2415e-004      0.195 
 105   24   70  1    +0.1669    +0.1684    +0.1679  +4.8650e-004      0.194 
 283   24   72  4    +0.9380    +0.9251    +0.9264  -1.2358e-003      0.182 
 314   92   94  4    -0.1724    -0.1765    -0.1760  -4.5496e-004      0.178 
  61   44   45  1    -0.0432    -0.0395    -0.0396  +6.1115e-005      0.174 
 151   98  100  1    -0.3463    -0.3454    -0.3460  +5.9013e-004      0.173 
 394   17   31  7    -0.8169    -0.8156    -0.8152  -4.2230e-004      0.170 
 367    0   12  6    +1.0800    +1.0800    +1.0794  +6.0154e-004      0.169 
 329  100  101  4    +0.3236    +0.3306    +0.3302  +4.2169e-004      0.168 
  93   38   65  1    -0.3784    -0.3712    -0.3715  +3.4005e-004      0.164 
  23   17   18  1    +0.6742    +0.6749    +0.6739  +9.6318e-004      0.162 
 227   38   37  4    +0.5985    +0.5835    +0.5839  -4.4333e-004      0.159 
 205   22   23  4    +0.0155    +0.0135    +0.0133  +1.7690e-004      0.151 
 188   11   12  4    -0.4014    -0.4025    -0.4038  +1.3046e-003      0.149 
 284   71   72  4    +0.1026    +0.0999    +0.0998  +9.0007e-005      0.132 
 261   59   60  4    +0.6833    +0.6864    +0.6856  +7.4669e-004      0.128 
 301   83   84  4    +0.1578    +0.1616    +0.1618  -2.5043e-004      0.119 
  87   60   61  1    -0.7311    -0.7472    -0.7476  +3.8750e-004      0.115 
 135   89   92  1    +2.2717    +2.2507    +2.2493  +1.4009e-003      0.111 
 271   49   66  4    +0.5377    +0.5314    +0.5312  +2.6477e-004      0.108 
 277   47   69  4    +0.6844    +0.6851    +0.6844  +6.2401e-004      0.105 
  39   17   31  1    -0.8690    -0.8675    -0.8667  -7.5076e-004      0.102 
 136   91   92  1    +0.4024    +0.3946    +0.3948  -2.4978e-004      0.089 
 303   84   85  4    +0.1136    +0.1126    +0.1126  -6.5328e-005      0.083 
 331  101  102  4    +0.2377    +0.2354    +0.2353  +1.2828e-004      0.082 
  30   23   24  1    -0.6294    -0.6279    -0.6278  -1.0710e-004      0.076 
  50   34   37  1    -0.5704    -0.5772    -0.5773  +1.1963e-004      0.072 
  22   16   17  1    -0.4835    -0.4833    -0.4830  -3.4362e-004      0.071 
 133   89   90  1    +0.5916    +0.5935    +0.5933  +1.6818e-004      0.069 
 344   17  113  4    -0.5382    -0.5405    -0.5402  -3.3848e-004      0.069 
 190    3   12  4    -0.1384    -0.1383    -0.1385  +1.6718e-004      0.063 
 434   21   22  8    +0.0271    +0.0272    +0.0272  -2.5761e-007      0.058 
 439   28   29  8    +0.0863    +0.0860    +0.0860  +2.8978e-006      0.057 
  41   23   32  1    +0.5926    +0.5890    +0.5888  +2.7840e-004      0.053 
 228   37   39  4    +0.4244    +0.4335    +0.4336  -1.3864e-004      0.050 
 168   17  113  1    -0.8690    -0.8713    -0.8710  -3.2317e-004      0.045 
  68   48   49  1    -0.1117    -0.1114    -0.1113  -2.5968e-005      0.043 
 233   40   42  4    -0.2519    -0.2555    -0.2556  +1.1883e-004      0.042 
 282   70   71  4    +0.3184    +0.3295    +0.3295  +1.3777e-005      0.037 
 204   21   22  4    +0.0568    +0.0563    +0.0564  -7.5483e-005      0.036 
 280   69   70  4    +0.1646    +0.1656    +0.1656  +7.3099e-005      0.036 
  36   30   17  1    +0.9016    +0.9040    +0.9037  +2.3157e-004      0.032 
  64   46   48  1    +0.0254    +0.0214    +0.0214  -3.8344e-005      0.030 
 438   25   26  8    -3.2612    -3.2665    -3.2666  +1.5265e-004      0.028 
 102   49   69  1    -0.6360    -0.6390    -0.6388  -1.5053e-004      0.026 
 424   12   11  8    -0.4428    -0.4454    -0.4454  +2.6127e-005      0.024 
 256   56   58  4    +0.1073    +0.1053    +0.1053  +2.2790e-005      0.019 
 230   30   38  4    -0.4024    -0.4013    -0.4014  +3.4021e-005      0.014 
 214   26   30  4    -1.3180    -1.3205    -1.3206  +1.0620e-004      0.011 
 231   39   40  4    +0.3453    +0.3405    +0.3405  -1.2193e-005      0.010 
 379    5    8  7    -2.4369    -2.4240    -2.4239  -5.4743e-005      0.008 
 330   92  102  4    -0.2228    -0.2249    -0.2249  +4.7970e-006      0.006 
 257   51   58  4    -0.1328    -0.1323    -0.1323  -3.6472e-007      0.000 
 349   68  116  4    -1.6648    -1.6704    -1.6704  +1.9255e-007      0.000 
 343  110  112  4    -0.3490    -0.3568    -0.3568  +3.8535e-007      0.000 
 342  110  111  4    -0.1668    -0.1687    -0.1687  -3.5539e-007      0.000 
 305   86   87  4    -0.2203    -0.2182    -0.2182  -1.1257e-006      0.000 
 304   85   86  4    -0.1646    -0.1726    -0.1726  -1.4025e-007      0.000 
 285   71   73  4    +0.2065    +0.2017    +0.2017  +5.2651e-007      0.000 
 173   68  116  1    -1.2418    -1.2581    -1.2581  +3.5644e-006      0.000 
 167  110  112  1    +0.0672    +0.0624    +0.0624  -7.6704e-007      0.000 
 166  110  111  1    -0.2979    -0.3051    -0.3051  +1.1510e-006      0.000 
 129   86   87  1    -0.4927    -0.4969    -0.4969  +1.5426e-006      0.000 
 128   85   86  1    -0.3439    -0.3424    -0.3424  +2.7932e-007      0.000 
 109   71   73  1    -0.2578    -0.2624    -0.2624  -3.0470e-006      0.000 
----------------------------------------------------------------------------------
Possível erro grosseiro no medidor 196!
Medida crítica  109!
Medida crítica  128!
Medida crítica  167!
Medida crítica  285!
Medida crítica  304!
Medida crítica  305!
Medida crítica  342!
Medida crítica  343!
Medida crítica  349!
Medida crítica  391!
Possíveis conjuntos críticos:
Conjunto 1: 439 434
Conjunto 2: 344 133
Conjunto 3: 329 367 394
Conjunto 4: 367 394
Conjunto 5: 151 61
Conjunto 6: 105 59
Conjunto 7: 253 429
Conjunto 8: 145 405
Conjunto 9: 316 79
Conjunto 10: 79 69
Conjunto 11: 69 134
Conjunto 12: 19 131 318 315
Conjunto 13: 131 318 315
Conjunto 14: 318 315
Conjunto 15: 315 74
Conjunto 16: 361 297
Conjunto 17: 245 267
Conjunto 18: 255 355 375
Conjunto 19: 355 375
Conjunto 20: 266 244 240 254
Conjunto 21: 244 240 254 148
Conjunto 22: 240 254 148
Conjunto 23: 254 148
Conjunto 24: 398 66
Conjunto 25: 66 89
Conjunto 26: 269 298 220
Conjunto 27: 298 220
Conjunto 28: 152 21 362
Conjunto 29: 21 362
Conjunto 30: 191 264 401 263
Conjunto 31: 264 401 263
Conjunto 32: 401 263
Conjunto 33: 234 34 358
Conjunto 34: 34 358
Conjunto 35: 180 327 332
Conjunto 36: 327 332
Conjunto 37: 357 321 391
Conjunto 38: 321 391 100
Conjunto 39: 391 100
Conjunto 40: 232 165 9 161
Conjunto 41: 165 9 161
Conjunto 42: 9 161
Conjunto 43: 161 229
Conjunto 44: 229 163
Conjunto 45: 163 431 123 132
Conjunto 46: 431 123 132
Conjunto 47: 123 132
Conjunto 48: 88 18 201
Conjunto 49: 18 201
Conjunto 50: 201 73 53
Conjunto 51: 73 53
Conjunto 52: 380 436 72
Conjunto 53: 436 72
Conjunto 54: 142 265
Conjunto 55: 353 440 65
Conjunto 56: 440 65
Conjunto 57: 13 326
Conjunto 58: 326 126
Conjunto 59: 126 27 31 360
Conjunto 60: 27 31 360
Conjunto 61: 31 360
Conjunto 62: 320 98
Conjunto 63: 47 125 96
Conjunto 64: 125 96
Conjunto 65: 96 162 127
Conjunto 66: 162 127 276
Conjunto 67: 127 276
Conjunto 68: 276 299
Conjunto 69: 160 46 408
Conjunto 70: 46 408
Conjunto 71: 207 368 363 71
Conjunto 72: 368 363 71
Conjunto 73: 363 71
Conjunto 74: 71 317 37
Conjunto 75: 317 37
Conjunto 76: 144 106 420
Conjunto 77: 106 420 250 107 373 108
Conjunto 78: 420 250 107 373 108
Conjunto 79: 250 107 373 108
Conjunto 80: 107 373 108
Conjunto 81: 373 108
Conjunto 82: 55 52 150
Conjunto 83: 52 150
Conjunto 84: 400 54
Conjunto 85: 54 252 383
Conjunto 86: 252 383
Conjunto 87: 383 236
Conjunto 88: 236 63 235
Conjunto 89: 63 235 51 237
Conjunto 90: 235 51 237
Conjunto 91: 51 237
Conjunto 92: 159 311 397
Conjunto 93: 311 397
Conjunto 94: 412 16 67 411
Conjunto 95: 16 67 411 43
Conjunto 96: 67 411 43
Conjunto 97: 411 43 193
Conjunto 98: 43 193
Conjunto 99: 193 208
Conjunto 100: 418 402 364 287 184
Conjunto 101: 402 364 287 184
Conjunto 102: 364 287 184 70
Conjunto 103: 287 184 70 386
Conjunto 104: 184 70 386
Conjunto 105: 70 386
Conjunto 106: 14 164
Conjunto 107: 243 95
Conjunto 108: 95 322
Conjunto 109: 322 15
Conjunto 110: 15 116
Conjunto 111: 116 262
Conjunto 112: 262 328
Conjunto 113: 435 302 307 8
Conjunto 114: 302 307 8 6
Conjunto 115: 307 8 6
Conjunto 116: 8 6 62
Conjunto 117: 6 62
Conjunto 118: 140 38 149 319 76
Conjunto 119: 38 149 319 76
Conjunto 120: 149 319 76 290
Conjunto 121: 319 76 290 251
Conjunto 122: 76 290 251 28
Conjunto 123: 290 251 28 382
Conjunto 124: 251 28 382
Conjunto 125: 28 382
Conjunto 126: 94 278 421 372 334
Conjunto 127: 278 421 372 334 241
Conjunto 128: 421 372 334 241
Conjunto 129: 372 334 241
Conjunto 130: 334 241
Conjunto 131: 241 218
Conjunto 132: 218 393 77 385 143
Conjunto 133: 393 77 385 143
Conjunto 134: 77 385 143
Conjunto 135: 385 143
Conjunto 136: 143 84
Conjunto 137: 84 80 81
Conjunto 138: 80 81 101 239
Conjunto 139: 81 101 239
Conjunto 140: 101 239
Conjunto 141: 351 215
Conjunto 142: 348 206
Conjunto 143: 99 186 300 352
Conjunto 144: 186 300 352
Conjunto 145: 300 352 288 212
Conjunto 146: 352 288 212
Conjunto 147: 288 212 153 26 155 178
Conjunto 148: 212 153 26 155 178
Conjunto 149: 153 26 155 178 154
Conjunto 150: 26 155 178 154
Conjunto 151: 155 178 154
Conjunto 152: 178 154
Conjunto 153: 154 40 392 197 333 366
Conjunto 154: 40 392 197 333 366
Conjunto 155: 392 197 333 366
Conjunto 156: 197 333 366
Conjunto 157: 333 366
Conjunto 158: 323 85 5 97
Conjunto 159: 85 5 97
Conjunto 160: 5 97
Conjunto 161: 369 216 209 29 86 427
Conjunto 162: 216 209 29 86 427 122
Conjunto 163: 209 29 86 427 122 195
Conjunto 164: 29 86 427 122 195
Conjunto 165: 86 427 122 195 279
Conjunto 166: 427 122 195 279
Conjunto 167: 122 195 279
Conjunto 168: 195 279
Conjunto 169: 437 75
Conjunto 170: 75 238
Conjunto 171: 238 121 345
Conjunto 172: 121 345 295
Conjunto 173: 345 295
Conjunto 174: 295 42
Conjunto 175: 183 441 419
Conjunto 176: 441 419 350
Conjunto 177: 419 350
Conjunto 178: 350 272
Conjunto 179: 182 389 169 83 211
Conjunto 180: 389 169 83 211
Conjunto 181: 169 83 211
Conjunto 182: 83 211 33
Conjunto 183: 211 33
Conjunto 184: 33 388 432
Conjunto 185: 388 432 396
Conjunto 186: 432 396
Conjunto 187: 12 399 346
Conjunto 188: 399 346
Conjunto 189: 346 381
Conjunto 190: 381 57
Conjunto 191: 359 137 384 139
Conjunto 192: 137 384 139 390
Conjunto 193: 384 139 390
Conjunto 194: 139 390
Conjunto 195: 141 194 56 187
Conjunto 196: 194 56 187 58
Conjunto 197: 56 187 58 35
Conjunto 198: 187 58 35
Conjunto 199: 58 35
Conjunto 200: 35 413
Conjunto 201: 413 171 417 11
Conjunto 202: 171 417 11 246
Conjunto 203: 417 11 246
Conjunto 204: 11 246 179
Conjunto 205: 246 179 217
Conjunto 206: 179 217 416
Conjunto 207: 217 416
Conjunto 208: 200 210 118
Conjunto 209: 210 118
Conjunto 210: 118 120 2 202
Conjunto 211: 120 2 202 426 247 45
Conjunto 212: 2 202 426 247 45
Conjunto 213: 202 426 247 45
Conjunto 214: 426 247 45
Conjunto 215: 247 45
Conjunto 216: 45 308 213 32
Conjunto 217: 308 213 32 110 377
Conjunto 218: 213 32 110 377
Conjunto 219: 32 110 377 423
Conjunto 220: 110 377 423 268
Conjunto 221: 377 423 268 281 306
Conjunto 222: 423 268 281 306 248
Conjunto 223: 268 281 306 248
Conjunto 224: 281 306 248 147 113
Conjunto 225: 306 248 147 113
Conjunto 226: 248 147 113 117 249 198
Conjunto 227: 147 113 117 249 198
Conjunto 228: 113 117 249 198
Conjunto 229: 117 249 198
Conjunto 230: 249 198
Conjunto 231: 324 4 309
Conjunto 232: 4 309 310 312
Conjunto 233: 309 310 312
Conjunto 234: 310 312
Conjunto 235: 356 404 192 409 387 199
Conjunto 236: 404 192 409 387 199 3 7
Conjunto 237: 192 409 387 199 3 7
Conjunto 238: 409 387 199 3 7
Conjunto 239: 387 199 3 7
Conjunto 240: 199 3 7
Conjunto 241: 3 7 92
Conjunto 242: 7 92 374
Conjunto 243: 92 374 433
Conjunto 244: 374 433
Conjunto 245: 111 103
Conjunto 246: 177 181 414 226 347
Conjunto 247: 181 414 226 347
Conjunto 248: 414 226 347
Conjunto 249: 226 347 371
Conjunto 250: 347 371 170
Conjunto 251: 371 170 189
Conjunto 252: 170 189 260
Conjunto 253: 189 260 48 44
Conjunto 254: 260 48 44
Conjunto 255: 48 44 270 223
Conjunto 256: 44 270 223 222
Conjunto 257: 270 223 222 82 365
Conjunto 258: 223 222 82 365 119
Conjunto 259: 222 82 365 119
Conjunto 260: 82 365 119
Conjunto 261: 365 119
Conjunto 262: 119 174
Conjunto 263: 174 225 112 1
Conjunto 264: 225 112 1 10
Conjunto 265: 112 1 10
Conjunto 266: 1 10
Conjunto 267: 273 376
Conjunto 268: 172 275
Conjunto 269: 275 114 354
Conjunto 270: 114 354
Conjunto 271: 354 157
Conjunto 272: 157 176 175 406
Conjunto 273: 176 175 406
Conjunto 274: 175 406 442
Conjunto 275: 406 442
Conjunto 276: 158 138 156 292
Conjunto 277: 138 156 292
Conjunto 278: 156 292
Conjunto 279: 25 274 293
Conjunto 280: 274 293
Conjunto 281: 291 407 340
Conjunto 282: 407 340
Conjunto 283: 335 296 336 294 338
Conjunto 284: 296 336 294 338
Conjunto 285: 336 294 338
Conjunto 286: 294 338
Conjunto 287: 341 339 337
Conjunto 288: 339 337
Conjunto 289: 90 24
Conjunto 290: 24 428 91
Conjunto 291: 428 91
Medidas com alta correlação: 165 e 161 
Medidas com alta correlação: 165 e 161 
Medidas com alta correlação: 153 e 155 
Medidas com alta correlação: 153 e 155 
Medidas com alta correlação: 153 e 155 
