================================================================================= 
=== UFF - Doutorado em Computação - Aplicaçoes em Sistemas de Potencia        === 
=== ESTIMADOR DE ESTADO MÍNIMOS QUADRADOS PONDERADOS INCLUINDO MEDIDAS DE PMU === 
=== Desenvolvido por: Rui Menezes de Moraes - 2009                            === 
================================================================================= 
Arquivo de medidores:          .\med\S1_CS5_352M_EGS2.med
Arquivo do sistema:            .\sist\ieee118_SP_JML.cdf
Tolerância entre iteraçoes:    1.00e-005
Limite de iteraçoes:           100

--- DADOS DA REDE --------------------------------------------------------------- 
Data do caso:                  08/25/93
Origem:                        UW ARCHIVE          
MVA base:                      100
Ano:                           1961
Estação:                       W
Identificação:                 IEEE 118 Bus Test Case
Número de barras:              118 
Número de ramos:               179 
Referência na barra:           69

--- TELEMEDIDAS ------------------------------------------------------------------
    Tipo 1 = Fluxo de potencia ativa        Tipo  6 = Módulo da tensão            
    Tipo 2 = Injeção de potencia ativa      Tipo  7 = Corrente de ramo (real)     
    Tipo 3 = Ângulo de fase da tensão       Tipo  8 = Corrente de ramo (imag)     
    Tipo 4 = Fluxo de potencia reativa      Tipo  9 = Injeção de corrente (real)  
    Tipo 5 = Injeção de potencia reativa    Tipo 10 = Injeção de corrente (imag)  
----------------------------------------------------------------------------------
   N    D    P TP  PN ST   Exa   FS       DP      V_Ref      V_Med          E(%) 
----------------------------------------------------------------------------------
   1    1    2  1   0  0 0.020 01.0  0.00205   -0.04743   -0.05246    +10.605102 
   2    1    3  1   0  0 0.020 01.0  0.00374   -0.30057   -0.29426     -2.099345 
   3    4    5  1   0  0 0.020 01.0  0.00307   -0.19976   -0.20808     +4.164998 
   4    3    5  1   0  0 0.020 01.0  0.00539   -0.54870   -0.56029     +2.112265 
   5    5    6  1   0  0 0.020 01.0  0.00655   +0.72249   +0.71212     -1.435314 
   6    6    7  1   0  0 0.020 01.0  0.00447   +0.41029   +0.41201     +0.419216 
   7    8    9  1   0  0 0.020 01.0  0.00834   -0.99161   -1.00900     +1.753714 
   8    8    5  1   0  0 0.020 01.0  0.01785   +2.41719   +2.38552     -1.310199 
   9    9   10  1   0  0 0.020 01.0  0.00839   -0.99787   -1.00794     +1.009149 
  10    4   11  1   0  0 0.020 01.0  0.00795   +0.93276   +0.91535     -1.866504 
  11    5   11  1   0  0 0.020 01.0  0.00795   +0.93236   +0.94753     +1.627054 
  12   11   12  1   0  0 0.020 01.0  0.00395   -0.33254   -0.33933     +2.041860 
  13    2   12  1   0  0 0.020 01.0  0.00297   -0.18506   -0.18333     -0.934832 
  14    3   12  1   0  0 0.020 01.0  0.00186   -0.01927   -0.01757     -8.822003 
  15    7   12  1   0  0 0.020 01.0  0.00359   +0.27834   +0.28441     +2.180786 
  16   11   13  1   0  0 0.020 01.0  0.01299   +1.68886   +1.69394     +0.300795 
  17   12   14  1   0  0 0.020 01.0  0.00249   -0.11291   -0.11370     +0.699672 
  18   13   15  1   0  0 0.020 01.0  0.00632   -0.68869   -0.69133     +0.383336 
  19   14   15  1   0  0 0.020 01.0  0.00313   -0.20936   -0.20969     +0.157623 
  20   12   16  1   0  0 0.020 01.0  0.00380   -0.31032   -0.31146     +0.367363 
  21   15   17  1   0  0 0.020 01.0  0.01090   -1.37497   -1.37528     +0.022546 
  22   16   17  1   0  0 0.020 01.0  0.00496   -0.48353   -0.48330     -0.047567 
  23   17   18  1   0  0 0.020 01.0  0.00623   +0.67422   +0.67490     +0.100857 
  24   18   19  1   0  0 0.020 01.0  0.00380   +0.30938   +0.30566     -1.202405 
  25   19   20  1   0  0 0.020 01.0  0.00442   -0.40278   -0.40998     +1.787576 
  26   15   19  1   0  0 0.020 01.0  0.00369   -0.29413   -0.28320     -3.716044 
  27   20   21  1   0  0 0.020 01.0  0.00526   -0.52982   -0.53350     +0.694576 
  28   21   22  1   0  0 0.020 01.0  0.00594   -0.63067   -0.62084     -1.558660 
  29   22   23  1   0  0 0.020 01.0  0.00644   -0.70622   -0.71631     +1.428733 
  30   23   24  1   0  0 0.020 01.0  0.00593   -0.62945   -0.62790     -0.246247 
  31   23   25  1   0  0 0.020 01.0  0.00662   -0.73245   -0.72589     -0.895624 
  32   26   25  1   0  0 0.020 01.0  0.00398   +0.33620   +0.32870     -2.230815 
  33   25   27  1   0  0 0.020 01.0  0.00571   +0.59664   +0.58622     -1.746447 
  34   27   28  1   0  0 0.020 01.0  0.00393   +0.32992   +0.33362     +1.121484 
  35   28   29  1   0  0 0.020 01.0  0.00315   +0.21213   +0.20673     -2.545609 
  36   30   17  1   0  0 0.020 01.0  0.00774   +0.90165   +0.90396     +0.256197 
  37    8   30  1   0  0 0.020 01.0  0.00584   -0.61657   -0.62712     +1.711079 
  38   26   30  1   0  0 0.020 01.0  0.01949   +2.66380   +2.63512     -1.076657 
  39   17   31  1   0  0 0.020 01.0  0.00753   -0.86903   -0.86747     -0.179510 
  40   29   31  1   0  0 0.020 01.0  0.00205   +0.04708   +0.04447     -5.543755 
  41   23   32  1   0  0 0.020 01.0  0.00568   +0.59257   +0.58904     -0.595710 
  42   31   32  1   0  0 0.020 01.0  0.00272   -0.14800   -0.14836     +0.243243 
  43   27   32  1   0  0 0.020 01.0  0.00467   +0.44117   +0.44060     -0.129202 
  44   15   33  1   0  0 0.020 01.0  0.00285   +0.16832   +0.17679     +5.032082 
  45   19   34  1   0  0 0.020 01.0  0.00279   +0.15875   +0.19225    +21.102362 
  46   35   36  1   0  0 0.020 01.0  0.00187   -0.02061   -0.01749    -15.138282 
  47   35   37  1   0  0 0.020 01.0  0.00310   -0.20439   -0.20479     +0.195704 
  48   33   37  1   0  0 0.020 01.0  0.00180   +0.01025   +0.01180    +15.121951 
  49   34   36  1   0  0 0.020 01.0  0.00296   +0.18338   +0.17891     -2.437561 
  50   34   37  1   0  0 0.020 01.0  0.00554   -0.57038   -0.57717     +1.190434 
  51   38   37  1   0  0 0.020 01.0  0.01141   +1.45150   +1.45300     +0.103341 
  52   37   39  1   0  0 0.020 01.0  0.00421   +0.37213   +0.36918     -0.792734 
  53   37   40  1   0  0 0.020 01.0  0.00382   +0.31291   +0.31669     +1.208015 
  54   30   38  1   0  0 0.020 01.0  0.00892   +1.07800   +1.07962     +0.150278 
  55   39   40  1   0  0 0.020 01.0  0.00292   +0.17839   +0.18339     +2.802848 
  56   40   41  1   0  0 0.020 01.0  0.00343   +0.25395   +0.24828     -2.232723 
  57   40   42  1   0  0 0.020 01.0  0.00220   +0.06972   +0.07159     +2.682157 
  58   41   42  1   0  0 0.020 01.0  0.00174   -0.00063   -0.00234   +271.428571 
  59   43   44  1   0  0 0.020 01.0  0.00218   +0.06643   +0.06695     +0.782779 
  60   34   43  1   0  0 0.020 01.0  0.00301   +0.19107   +0.19153     +0.240749 
  61   44   45  1   0  0 0.020 01.0  0.00202   -0.04318   -0.03953     -8.452987 
  62   45   46  1   0  0 0.020 01.0  0.00329   -0.23397   -0.22743     -2.795230 
  63   46   47  1   0  0 0.020 01.0  0.00275   -0.15231   -0.15220     -0.072221 
  64   46   48  1   0  0 0.020 01.0  0.00190   +0.02542   +0.02139    -15.853659 
  65   47   49  1   0  0 0.020 01.0  0.00369   +0.29401   +0.28620     -2.656372 
  66   42   49  1   0  0 0.020 01.0  0.00369   -0.29294   -0.29240     -0.184338 
  67   45   49  1   0  0 0.020 01.0  0.00288   -0.17127   -0.17388     +1.523910 
  68   48   49  1   0  0 0.020 01.0  0.00248   -0.11165   -0.11137     -0.250784 
  69   49   50  1   0  0 0.020 01.0  0.00407   +0.35103   +0.35662     +1.592456 
  70   49   51  1   0  0 0.020 01.0  0.00464   +0.43652   +0.44062     +0.939247 
  71   51   52  1   0  0 0.020 01.0  0.00303   +0.19523   +0.19053     -2.407417 
  72   52   53  1   0  0 0.020 01.0  0.00221   +0.07149   +0.06954     -2.727654 
  73   53   54  1   0  0 0.020 01.0  0.00231   -0.08587   -0.08407     -2.096192 
  74   49   54  1   0  0 0.020 01.0  0.00526   +0.52916   +0.52734     -0.343941 
  75   54   55  1   0  0 0.020 01.0  0.00189   +0.02339   +0.02643    +12.997007 
  76   54   56  1   0  0 0.020 01.0  0.00242   +0.10285   +0.10657     +3.616918 
  77   55   56  1   0  0 0.020 01.0  0.00223   -0.07406   -0.07274     -1.782339 
  78   56   57  1   0  0 0.020 01.0  0.00270   -0.14566   -0.15108     +3.720994 
  79   50   57  1   0  0 0.020 01.0  0.00328   +0.23179   +0.22395     -3.382372 
  80   56   58  1   0  0 0.020 01.0  0.00196   -0.03331   -0.03663     +9.966977 
  81   51   58  1   0  0 0.020 01.0  0.00251   +0.11639   +0.11344     -2.534582 
  82   54   59  1   0  0 0.020 01.0  0.00285   -0.16795   -0.17418     +3.709437 
  83   56   59  1   0  0 0.020 01.0  0.00371   -0.29572   -0.29285     -0.970513 
  84   55   59  1   0  0 0.020 01.0  0.00296   -0.18381   -0.18141     -1.305696 
  85   59   60  1   0  0 0.020 01.0  0.00340   -0.24947   -0.25520     +2.296869 
  86   59   61  1   0  0 0.020 01.0  0.00378   -0.30715   -0.31528     +2.646915 
  87   60   61  1   0  0 0.020 01.0  0.00661   -0.73114   -0.74722     +2.199305 
  88   60   62  1   0  0 0.020 01.0  0.00217   -0.06628   -0.06889     +3.937839 
  89   61   62  1   0  0 0.020 01.0  0.00279   +0.15882   +0.16274     +2.468203 
  90   63   59  1   0  0 0.020 01.0  0.01234   +1.59036   +1.56980     -1.292789 
  91   63   64  1   0  0 0.020 01.0  0.01234   -1.59036   -1.57602     -0.901683 
  92   64   61  1   0  0 0.020 01.0  0.00652   +0.71781   +0.70747     -1.440493 
  93   38   65  1   0  0 0.020 01.0  0.00426   -0.37841   -0.37116     -1.915911 
  94   64   65  1   0  0 0.020 01.0  0.01716   -2.31343   -2.29094     -0.972150 
  95   49   66  1   0  0 0.020 01.0  0.00951   -1.16662   -1.17144     +0.413159 
  96   62   66  1   0  0 0.020 01.0  0.00314   -0.21060   -0.20610     -2.136752 
  97   62   67  1   0  0 0.020 01.0  0.00256   -0.12362   -0.11852     -4.125546 
  98   65   66  1   0  0 0.020 01.0  0.01293   +1.68006   +1.68890     +0.526172 
  99   66   67  1   0  0 0.020 01.0  0.00386   +0.31940   +0.32474     +1.671885 
 100   65   68  1   0  0 0.020 01.0  0.02898   -4.08705   -4.07803     -0.220697 
 101   47   69  1   0  0 0.020 01.0  0.00627   -0.68076   -0.67871     -0.301134 
 102   49   69  1   0  0 0.020 01.0  0.00597   -0.63603   -0.63896     +0.460670 
 103   68   69  1   0  0 0.020 01.0  0.02158   -2.97636   -3.03946     +2.120039 
 104   69   70  1   0  0 0.020 01.0  0.00296   +0.18371   +0.18503     +0.718524 
 105   24   70  1   0  0 0.020 01.0  0.00285   +0.16693   +0.16836     +0.856646 
 106   70   71  1   0  0 0.020 01.0  0.00531   -0.53596   -0.52757     -1.565415 
 107   24   72  1   0  0 0.020 01.0  0.00246   +0.10892   +0.10537     -3.259273 
 108   71   72  1   0  0 0.020 01.0  0.00362   -0.28225   -0.28430     +0.726306 
 109   71   73  1   0  0 0.020 01.0  0.00345   -0.25783   -0.26244     +1.788000 
 110   70   74  1   0  0 0.020 01.0  0.00368   +0.29222   +0.28563     -2.255150 
 111   70   75  1   0  0 0.020 01.0  0.00333   +0.24025   +0.24598     +2.385016 
 112   69   75  1   0  0 0.020 01.0  0.00501   +0.49100   +0.48175     -1.883910 
 113   74   75  1   0  0 0.020 01.0  0.00258   -0.12690   -0.12503     -1.473601 
 114   76   77  1   0  0 0.020 01.0  0.00284   -0.16658   -0.16667     +0.054028 
 115   69   77  1   0  0 0.020 01.0  0.00552   +0.56839   +0.57937     +1.931772 
 116   75   77  1   0  0 0.020 01.0  0.00193   -0.02885   -0.02335    -19.064125 
 117   77   78  1   0  0 0.020 01.0  0.00751   +0.86676   +0.85049     -1.877106 
 118   78   79  1   0  0 0.020 01.0  0.00426   +0.37848   +0.38148     +0.792644 
 119   77   80  1   0  0 0.020 01.0  0.00410   -0.35546   -0.36115     +1.600743 
 120   79   80  1   0  0 0.020 01.0  0.00246   +0.10943   +0.10300     -5.875902 
 121   68   81  1   0  0 0.020 01.0  0.00246   +0.10880   +0.11073     +1.773897 
 122   81   80  1   0  0 0.020 01.0  0.00246   +0.10859   +0.10533     -3.002118 
 123   77   82  1   0  0 0.020 01.0  0.00362   -0.28268   -0.28887     +2.189755 
 124   82   83  1   0  0 0.020 01.0  0.00720   -0.82067   -0.81013     -1.284316 
 125   83   84  1   0  0 0.020 01.0  0.00423   -0.37450   -0.36718     -1.954606 
 126   83   85  1   0  0 0.020 01.0  0.00568   -0.59138   -0.59326     +0.317901 
 127   84   85  1   0  0 0.020 01.0  0.00480   -0.46001   -0.46554     +1.202148 
 128   85   86  1   0  0 0.020 01.0  0.00403   -0.34390   -0.34236     -0.447805 
 129   86   87  1   0  0 0.020 01.0  0.00502   -0.49270   -0.49685     +0.842298 
 130   85   88  1   0  0 0.020 01.0  0.00396   -0.33329   -0.32769     -1.680218 
 131   85   89  1   0  0 0.020 01.0  0.00480   -0.46067   -0.46181     +0.247466 
 132   88   89  1   0  0 0.020 01.0  0.00616   -0.66389   -0.66910     +0.784769 
 133   89   90  1   0  0 0.020 01.0  0.00568   +0.59164   +0.59347     +0.309310 
 134   90   91  1   0  0 0.020 01.0  0.00193   -0.02958   -0.02963     +0.169033 
 135   89   92  1   0  0 0.020 01.0  0.01688   +2.27174   +2.25067     -0.927483 
 136   91   92  1   0  0 0.020 01.0  0.00442   +0.40240   +0.39456     -1.948310 
 137   92   93  1   0  0 0.020 01.0  0.00638   +0.69689   +0.70176     +0.698819 
 138   92   94  1   0  0 0.020 01.0  0.00613   +0.65949   +0.67769     +2.759708 
 139   93   94  1   0  0 0.020 01.0  0.00575   +0.60307   +0.59098     -2.004742 
 140   94   95  1   0  0 0.020 01.0  0.00523   +0.52439   +0.51849     -1.125117 
 141   80   96  1   0  0 0.020 01.0  0.00334   -0.24167   -0.23956     -0.873091 
 142   82   96  1   0  0 0.020 01.0  0.00284   +0.16540   +0.15836     -4.256348 
 143   94   96  1   0  0 0.020 01.0  0.00447   +0.41051   +0.41080     +0.070644 
 144   80   97  1   0  0 0.020 01.0  0.00301   -0.19117   -0.19422     +1.595439 
 145   80   98  1   0  0 0.020 01.0  0.00249   -0.11293   -0.11646     +3.125830 
 146   80   99  1   0  0 0.020 01.0  0.00379   -0.30906   -0.31132     +0.731250 
 147   92  100  1   0  0 0.020 01.0  0.00454   +0.42083   +0.41400     -1.622983 
 148   94  100  1   0  0 0.020 01.0  0.00236   +0.09442   +0.09184     -2.732472 
 149   95   96  1   0  0 0.020 01.0  0.00329   +0.23295   +0.22761     -2.292337 
 150   96   97  1   0  0 0.020 01.0  0.00371   +0.29641   +0.30276     +2.142303 
 151   98  100  1   0  0 0.020 01.0  0.00404   -0.34625   -0.34541     -0.242599 
 152   99  100  1   0  0 0.020 01.0  0.00241   -0.10152   -0.10469     +3.122537 
 153  100  101  1   0  0 0.020 01.0  0.00381   -0.31185   -0.30945     -0.769601 
 154   92  102  1   0  0 0.020 01.0  0.00513   +0.51028   +0.51074     +0.090147 
 155  101  102  1   0  0 0.020 01.0  0.00485   -0.46677   -0.47946     +2.718684 
 156  100  103  1   0  0 0.020 01.0  0.00292   +0.17774   +0.17968     +1.091482 
 157  100  104  1   0  0 0.020 01.0  0.00231   +0.08627   +0.08226     -4.648198 
 158  103  104  1   0  0 0.020 01.0  0.00212   +0.05837   +0.06260     +7.246873 
 159  100  106  1   0  0 0.020 01.0  0.00256   +0.12395   +0.12033     -2.920532 
 160  105  107  1   0  0 0.020 01.0  0.00180   -0.01007   -0.01159    +15.094340 
 161  105  108  1   0  0 0.020 01.0  0.00196   +0.03421   +0.03422     +0.029231 
 162  106  107  1   0  0 0.020 01.0  0.00204   -0.04679   -0.05138     +9.809788 
 163  108  109  1   0  0 0.020 01.0  0.00187   +0.02016   +0.02029     +0.644841 
 164  103  110  1   0  0 0.020 01.0  0.00221   +0.07136   +0.07013     -1.723655 
 165  109  110  1   0  0 0.020 01.0  0.00197   -0.03484   -0.02923    -16.102181 
 166  110  111  1   0  0 0.020 01.0  0.00372   -0.29788   -0.30511     +2.427152 
 167  110  112  1   0  0 0.020 01.0  0.00218   +0.06715   +0.06241     -7.058824 
 168   17  113  1   0  0 0.020 01.0  0.00753   -0.86903   -0.87131     +0.262361 
 169   32  113  1   0  0 0.020 01.0  0.00601   +0.64188   +0.63271     -1.428616 
 170   32  114  1   0  0 0.020 01.0  0.00256   -0.12436   -0.12937     +4.028627 
 171   27  115  1   0  0 0.020 01.0  0.00394   +0.33111   +0.32125     -2.977862 
 172  114  115  1   0  0 0.020 01.0  0.00293   -0.17954   -0.18604     +3.620363 
 173   68  116  1   0  0 0.020 01.0  0.01001   -1.24177   -1.25809     +1.314253 
 174   12  117  1   0  0 0.020 01.0  0.00265   +0.13757   +0.13196     -4.077924 
 175   75  118  1   0  0 0.020 01.0  0.00371   +0.29627   +0.28925     -2.369460 
 176   76  118  1   0  0 0.020 01.0  0.00219   -0.06842   -0.07156     +4.589301 
 177    1    2  4   0  0 0.020 01.0  0.00279   -0.15803   -0.16462     +4.170094 
 178    1    3  4   0  0 0.020 01.0  0.00293   -0.17890   -0.18319     +2.397988 
 179    4    5  4   0  0 0.020 01.0  0.01659   +2.22797   +2.18770     -1.807475 
 180    3    5  4   0  0 0.020 01.0  0.00241   -0.10106   -0.10163     +0.564021 
 181    5    6  4   0  0 0.020 01.0  0.00458   +0.42710   +0.41810     -2.107235 
 182    6    7  4   0  0 0.020 01.0  0.00542   -0.55337   -0.56096     +1.371596 
 183    8    9  4   0  0 0.020 01.0  0.01516   -2.01349   -2.03528     +1.082201 
 184    8    5  4   0  0 0.020 01.0  0.00896   -1.08392   -1.08734     +0.315521 
 185    9   10  4   0  0 0.020 01.0  0.00670   -0.74565   -0.74190     -0.502917 
 186    4   11  4   0  0 0.020 01.0  0.00303   +0.19426   +0.19604     +0.916298 
 187    5   11  4   0  0 0.020 01.0  0.00207   -0.04998   -0.04700     -5.962385 
 188   11   12  4   0  0 0.040 02.0  0.00441   -0.40139   -0.40252     +0.281522 
 189    2   12  4   0  0 0.020 01.0  0.00302   -0.19364   -0.20055     +3.568478 
 190    3   12  4   0  0 0.020 01.0  0.00266   -0.13839   -0.13833     -0.043356 
 191    7   12  4   0  0 0.020 01.0  0.00553   -0.57001   -0.57434     +0.759636 
 192   11   13  4   0  0 0.020 01.0  0.00391   +0.32706   +0.32507     -0.608451 
 193   12   14  4   0  0 0.020 01.0  0.00237   +0.09564   +0.09783     +2.289837 
 194   13   15  4   0  0 0.020 01.0  0.00206   +0.04944   +0.04456     -9.870550 
 195   14   15  4   0  0 0.020 01.0  0.00246   +0.10827   +0.10507     -2.955574 
 196   12   16  4   0  0 0.020 01.0  0.00271   +0.14702   +0.14261     -2.999592 
 197   15   17  4   0  0 0.020 01.0  0.00223   +0.07399   +0.07017     -5.162860 
 198   16   17  4   0  0 0.020 01.0  0.00237   +0.09514   +0.09964     +4.729872 
 199   17   18  4   0  0 0.020 01.0  0.00201   +0.04165   +0.04529     +8.739496 
 200   18   19  4   0  0 0.020 01.0  0.00239   +0.09835   +0.09573     -2.663955 
 201   19   20  4   0  0 0.020 01.0  0.00251   +0.11664   +0.12115     +3.866598 
 202   15   19  4   0  0 0.020 01.0  0.00285   +0.16692   +0.16898     +1.234124 
 203   20   21  4   0  0 0.020 01.0  0.00247   +0.11025   +0.11370     +3.129252 
 204   21   22  4   0  0 0.020 01.0  0.00211   +0.05683   +0.05628     -0.967799 
 205   22   23  4   0  0 0.020 01.0  0.00184   +0.01546   +0.01351    -12.613195 
 206   23   24  4   0  0 0.020 01.0  0.00366   +0.28913   +0.29497     +2.019853 
 207   23   25  4   0  0 0.020 01.0  0.00226   -0.07892   -0.07732     -2.027369 
 208   26   25  4   0  0 0.020 01.0  0.02284   -3.16616   -3.18777     +0.682530 
 209   25   27  4   0  0 0.020 01.0  0.00283   -0.16433   -0.16821     +2.361103 
 210   27   28  4   0  0 0.020 01.0  0.00222   -0.07258   -0.06873     -5.304492 
 211   28   29  4   0  0 0.020 01.0  0.00242   -0.10271   -0.09879     -3.816571 
 212   30   17  4   0  0 0.020 01.0  0.00480   -0.46030   -0.45576     -0.986313 
 213    8   30  4   0  0 0.020 01.0  0.00396   -0.33370   -0.33770     +1.198681 
 214   26   30  4   0  0 0.020 01.0  0.01052   -1.31796   -1.32051     +0.193481 
 215   17   31  4   0  0 0.020 01.0  0.00268   +0.14149   +0.13796     -2.494876 
 216   29   31  4   0  0 0.020 01.0  0.00244   -0.10529   -0.10587     +0.550860 
 217   23   32  4   0  0 0.020 01.0  0.00333   -0.23933   -0.23347     -2.448502 
 218   31   32  4   0  0 0.020 01.0  0.00276   +0.15406   +0.15839     +2.810593 
 219   27   32  4   0  0 0.020 01.0  0.00208   -0.05183   -0.05055     -2.469612 
 220   15   33  4   0  0 0.020 01.0  0.00201   +0.04119   +0.03938     -4.394270 
 221   19   34  4   0  0 0.020 01.0  0.00196   -0.03385   -0.05736    +69.453471 
 222   35   36  4   0  0 0.020 01.0  0.00176   -0.00450   -0.00821    +82.444444 
 223   35   37  4   0  0 0.020 01.0  0.00212   -0.05750   -0.05461     -5.026087 
 224   33   37  4   0  0 0.020 01.0  0.00181   +0.01134   +0.00792    -30.158730 
 225   34   36  4   0  0 0.020 01.0  0.00340   +0.25053   +0.25329     +1.101664 
 226   34   37  4   0  0 0.020 01.0  0.00533   +0.53927   +0.52973     -1.769058 
 227   38   37  4   0  0 0.020 01.0  0.00572   +0.59852   +0.58349     -2.511194 
 228   37   39  4   0  0 0.020 01.0  0.00456   +0.42444   +0.43348     +2.129865 
 229   37   40  4   0  0 0.020 01.0  0.00420   +0.37029   +0.37244     +0.580626 
 230   30   38  4   0  0 0.020 01.0  0.00442   -0.40239   -0.40135     -0.258456 
 231   39   40  4   0  0 0.020 01.0  0.00404   +0.34530   +0.34053     -1.381407 
 232   40   41  4   0  0 0.020 01.0  0.00305   -0.19817   -0.20628     +4.092446 
 233   40   42  4   0  0 0.020 01.0  0.00341   -0.25193   -0.25551     +1.421030 
 234   41   42  4   0  0 0.020 01.0  0.00347   -0.26003   -0.26352     +1.342153 
 235   43   44  4   0  0 0.020 01.0  0.00251   -0.11608   -0.11922     +2.705031 
 236   34   43  4   0  0 0.020 01.0  0.00246   -0.10819   -0.10709     -1.016730 
 237   44   45  4   0  0 0.020 01.0  0.00180   +0.00981   +0.00876    -10.703364 
 238   45   46  4   0  0 0.020 01.0  0.00174   -0.00085   -0.00368   +332.941176 
 239   46   47  4   0  0 0.020 01.0  0.00312   +0.20802   +0.20273     -2.543025 
 240   46   48  4   0  0 0.020 01.0  0.00209   -0.05359   -0.05198     -3.004292 
 241   47   49  4   0  0 0.020 01.0  0.00472   -0.44854   -0.44212     -1.431310 
 242   42   49  4   0  0 0.020 01.0  0.00485   -0.46690   -0.46981     +0.623260 
 243   45   49  4   0  0 0.020 01.0  0.00174   +0.00067   +0.00207   +208.955224 
 244   48   49  4   0  0 0.020 01.0  0.00241   +0.10113   +0.09803     -3.065361 
 245   49   50  4   0  0 0.020 01.0  0.00269   -0.14367   -0.14360     -0.048723 
 246   49   51  4   0  0 0.020 01.0  0.00285   -0.16720   -0.17041     +1.919856 
 247   51   52  4   0  0 0.020 01.0  0.00223   -0.07479   -0.07564     +1.136516 
 248   52   53  4   0  0 0.020 01.0  0.00236   -0.09473   -0.09675     +2.132376 
 249   53   54  4   0  0 0.020 01.0  0.00256   -0.12366   -0.12457     +0.735889 
 250   49   54  4   0  0 0.020 01.0  0.00426   -0.37902   -0.37325     -1.522347 
 251   54   55  4   0  0 0.020 01.0  0.00255   +0.12222   +0.11780     -3.616429 
 252   54   56  4   0  0 0.020 01.0  0.00688   +0.77230   +0.76008     -1.582287 
 253   55   56  4   0  0 0.020 01.0  0.00255   -0.12279   -0.12295     +0.130304 
 254   56   57  4   0  0 0.020 01.0  0.00255   +0.12314   +0.11906     -3.313302 
 255   50   57  4   0  0 0.020 01.0  0.00279   -0.15804   -0.15804     +0.000000 
 256   56   58  4   0  0 0.020 01.0  0.00245   +0.10730   +0.10528     -1.882572 
 257   51   58  4   0  0 0.020 01.0  0.00262   -0.13278   -0.13226     -0.391625 
 258   54   59  4   0  0 0.020 01.0  0.00208   +0.05199   +0.04853     -6.655126 
 259   56   59  4   0  0 0.020 01.0  0.00217   +0.06503   +0.06446     -0.876519 
 260   55   59  4   0  0 0.020 01.0  0.00184   +0.01525   +0.00984    -35.475410 
 261   59   60  4   0  0 0.020 01.0  0.00629   +0.68325   +0.68635     +0.453714 
 262   59   61  4   0  0 0.020 01.0  0.00659   +0.72798   +0.72379     -0.575565 
 263   60   61  4   0  0 0.020 01.0  0.00606   +0.64894   +0.64495     -0.614849 
 264   60   62  4   0  0 0.020 01.0  0.00183   -0.01373   -0.01762    +28.332119 
 265   61   62  4   0  0 0.020 01.0  0.00341   -0.25118   -0.25595     +1.899037 
 266   63   59  4   0  0 0.020 01.0  0.00724   -0.82535   -0.83918     +1.675653 
 267   63   64  4   0  0 0.020 01.0  0.00724   +0.82535   +0.81392     -1.384867 
 268   64   61  4   0  0 0.020 01.0  0.01360   +1.77961   +1.75742     -1.246902 
 269   38   65  4   0  0 0.020 01.0  0.00561   -0.58140   -0.58816     +1.162711 
 270   64   65  4   0  0 0.020 01.0  0.00691   -0.77683   -0.78256     +0.737613 
 271   49   66  4   0  0 0.020 01.0  0.00532   +0.53773   +0.53143     -1.171592 
 272   62   66  4   0  0 0.020 01.0  0.00338   -0.24765   -0.25371     +2.447002 
 273   62   67  4   0  0 0.020 01.0  0.00325   -0.22672   -0.23341     +2.950776 
 274   65   66  4   0  0 0.040 02.0  0.00281   +0.16145   +0.16749     +3.741096 
 275   66   67  4   0  0 0.020 01.0  0.00330   +0.23462   +0.23993     +2.263234 
 276   65   68  4   0  0 0.020 01.0  0.00803   +0.94467   +0.93708     -0.803455 
 277   47   69  4   0  0 0.020 01.0  0.00630   +0.68435   +0.68507     +0.105209 
 278   49   69  4   0  0 0.020 01.0  0.00631   +0.68668   +0.67764     -1.316479 
 279   68   69  4   0  0 0.020 01.0  0.02290   +3.17524   +3.12863     -1.467921 
 280   69   70  4   0  0 0.020 01.0  0.00283   +0.16463   +0.16565     +0.619571 
 281   24   70  4   0  0 0.020 01.0  0.00426   +0.37832   +0.38097     +0.700465 
 282   70   71  4   0  0 0.020 01.0  0.00386   +0.31841   +0.32953     +3.492353 
 283   24   72  4   0  0 0.020 01.0  0.00799   +0.93801   +0.92512     -1.374186 
 284   71   72  4   0  0 0.020 01.0  0.00242   +0.10264   +0.09992     -2.650039 
 285   71   73  4   0  0 0.020 01.0  0.00311   +0.20648   +0.20174     -2.295622 
 286   70   74  4   0  0 0.020 01.0  0.00178   +0.00763   +0.01030    +34.993447 
 287   70   75  4   0  0 0.020 01.0  0.00218   -0.06677   -0.06366     -4.657780 
 288   69   75  4   0  0 0.020 01.0  0.00231   +0.08629   +0.09090     +5.342450 
 289   74   75  4   0  0 0.020 01.0  0.00336   -0.24459   -0.25026     +2.318165 
 290   76   77  4   0  0 0.020 01.0  0.00466   -0.43913   -0.43953     +0.091089 
 291   69   77  4   0  0 0.020 01.0  0.00479   -0.45787   -0.46810     +2.234259 
 292   75   77  4   0  0 0.020 01.0  0.00380   -0.31032   -0.30315     -2.310518 
 293   77   78  4   0  0 0.020 01.0  0.00368   -0.29216   -0.28993     -0.763280 
 294   78   79  4   0  0 0.020 01.0  0.00486   -0.46886   -0.47515     +1.341552 
 295   77   80  4   0  0 0.020 01.0  0.01967   -2.68994   -2.65782     -1.194079 
 296   79   80  4   0  0 0.020 01.0  0.00504   -0.49557   -0.50724     +2.354864 
 297   68   81  4   0  0 0.020 01.0  0.00243   -0.10485   -0.10590     +1.001431 
 298   81   80  4   0  0 0.020 01.0  0.00698   +0.78728   +0.77350     -1.750330 
 299   77   82  4   0  0 0.020 01.0  0.00325   -0.22697   -0.22464     -1.026567 
 300   82   83  4   0  0 0.020 01.0  0.00329   +0.23358   +0.23193     -0.706396 
 301   83   84  4   0  0 0.020 01.0  0.00279   +0.15775   +0.16159     +2.434231 
 302   83   85  4   0  0 0.020 01.0  0.00253   +0.11993   +0.12180     +1.559243 
 303   84   85  4   0  0 0.020 01.0  0.00249   +0.11360   +0.11256     -0.915493 
 304   85   86  4   0  0 0.020 01.0  0.00283   -0.16461   -0.17256     +4.829597 
 305   86   87  4   0  0 0.020 01.0  0.00320   -0.22030   -0.21821     -0.948706 
 306   85   88  4   0  0 0.020 01.0  0.00282   -0.16357   -0.16872     +3.148499 
 307   85   89  4   0  0 0.020 01.0  0.00316   -0.21459   -0.21405     -0.251643 
 308   88   89  4   0  0 0.020 01.0  0.00317   -0.21589   -0.22100     +2.366946 
 309   89   90  4   0  0 0.020 01.0  0.00485   -0.46797   -0.47706     +1.942432 
 310   90   91  4   0  0 0.020 01.0  0.00176   -0.00332   -0.00513    +54.518072 
 311   89   92  4   0  0 0.020 01.0  0.00281   -0.16109   -0.16657     +3.401825 
 312   91   92  4   0  0 0.020 01.0  0.00225   +0.07767   +0.07562     -2.639372 
 313   92   93  4   0  0 0.020 01.0  0.00272   -0.14781   -0.14926     +0.980989 
 314   92   94  4   0  0 0.020 01.0  0.00288   -0.17236   -0.17650     +2.401949 
 315   93   94  4   0  0 0.020 01.0  0.00314   -0.21077   -0.21813     +3.491958 
 316   94   95  4   0  0 0.020 01.0  0.00373   +0.29890   +0.29893     +0.010037 
 317   80   96  4   0  0 0.020 01.0  0.00199   +0.03875   +0.03854     -0.541935 
 318   82   96  4   0  0 0.020 01.0  0.00423   -0.37432   -0.38285     +2.278799 
 319   94   96  4   0  0 0.020 01.0  0.00307   +0.20027   +0.19775     -1.258301 
 320   80   97  4   0  0 0.020 01.0  0.00219   +0.06816   +0.06679     -2.009977 
 321   80   98  4   0  0 0.020 01.0  0.00325   -0.22707   -0.22719     +0.052847 
 322   80   99  4   0  0 0.020 01.0  0.00308   -0.20124   -0.20445     +1.595110 
 323   92  100  4   0  0 0.020 01.0  0.00354   -0.27086   -0.27733     +2.388688 
 324   94  100  4   0  0 0.020 01.0  0.00853   -1.01898   -1.00657     -1.217885 
 325   95   96  4   0  0 0.020 01.0  0.00230   +0.08427   +0.08398     -0.344132 
 326   96   97  4   0  0 0.020 01.0  0.00204   -0.04596   -0.04564     -0.696258 
 327   98  100  4   0  0 0.020 01.0  0.00345   -0.25749   -0.26095     +1.343742 
 328   99  100  4   0  0 0.020 01.0  0.00421   -0.37192   -0.37532     +0.914175 
 329  100  101  4   0  0 0.020 01.0  0.00389   +0.32356   +0.33062     +2.181976 
 330   92  102  4   0  0 0.020 01.0  0.00322   -0.22283   -0.22492     +0.937935 
 331  101  102  4   0  0 0.020 01.0  0.00332   +0.23771   +0.23539     -0.975979 
 332  100  103  4   0  0 0.020 01.0  0.00242   +0.10238   +0.10390     +1.484665 
 333  100  104  4   0  0 0.020 01.0  0.00215   +0.06180   +0.06211     +0.501618 
 334  103  104  4   0  0 0.020 01.0  0.00201   +0.04136   +0.04514     +9.139265 
 335  100  106  4   0  0 0.020 01.0  0.00183   +0.01500   +0.01590     +6.000000 
 336  105  107  4   0  0 0.020 01.0  0.00272   -0.14833   -0.15348     +3.471988 
 337  105  108  4   0  0 0.020 01.0  0.00199   -0.03887   -0.04002     +2.958580 
 338  106  107  4   0  0 0.020 01.0  0.00252   -0.11763   -0.11217     -4.641673 
 339  108  109  4   0  0 0.020 01.0  0.00190   -0.02449   -0.02506     +2.327481 
 340  103  110  4   0  0 0.020 01.0  0.00177   +0.00565   +0.00396    -29.911504 
 341  109  110  4   0  0 0.020 01.0  0.00198   -0.03665   -0.03414     -6.848568 
 342  110  111  4   0  0 0.020 01.0  0.00284   -0.16676   -0.16870     +1.163349 
 343  110  112  4   0  0 0.020 01.0  0.00406   -0.34900   -0.35681     +2.237822 
 344   17  113  4   0  0 0.020 01.0  0.00532   -0.53820   -0.54053     +0.432925 
 345   32  113  4   0  0 0.020 01.0  0.00334   -0.24182   -0.24725     +2.245472 
 346   32  114  4   0  0 0.020 01.0  0.00189   +0.02276   +0.01995    -12.346221 
 347   27  115  4   0  0 0.020 01.0  0.00179   +0.00810   +0.00607    -25.061728 
 348  114  115  4   0  0 0.020 01.0  0.00187   +0.02021   +0.01799    -10.984661 
 349   68  116  4   0  0 0.020 01.0  0.01283   -1.66477   -1.67042     +0.339386 
 350   12  117  4   0  0 0.020 01.0  0.00184   +0.01602   +0.01289    -19.538077 
 351   75  118  4   0  0 0.020 01.0  0.00245   +0.10719   +0.11098     +3.535778 
 352   76  118  4   0  0 0.020 01.0  0.00186   -0.01894   -0.02287    +20.749736 
----------------------------------------------------------------------------------
Número de medidores SCADA:     352
Número de PMUs:                0
Número de medidas das PMUs:    0
----------------------------------------------------------------------------------

Matriz de pesos formada com as covariâncias das telemedidas.
Não há medidas de ângulo.
Não há medidores desabilitados.
============= Estado Ref =============== Estado Est ================ TVE =========
Barra     Mod(pu)    Ang(graus)      Mod(pu)   Ang(graus)            (%)         
----------------------------------------------------------------------------------
   1       1.0510       -16.82        1.0524       -16.64          0.3417 
   2       1.0660       -16.80        1.0678       -16.61          0.3767 
   3       1.0620       -16.28        1.0633       -16.11          0.3133 
   4       1.1000       -13.70        1.1015       -13.53          0.3239 
   5       1.0840       -13.43        1.0860       -13.27          0.3362 
   6       1.0550       -15.13        1.0570       -14.94          0.3831 
   7       1.0640       -15.69        1.0662       -15.51          0.3817 
   8       1.0550       -10.20        1.0569       -10.10          0.2567 
   9       1.0970        -8.86        1.0996        -8.75          0.3070 
  10       1.1000        -7.34        1.1023        -7.21          0.3056 
  11       1.0790       -16.61        1.0725       -16.44          0.6745 
  12       1.0800       -16.40        1.0819       -16.23          0.3480 
  13       1.0190       -22.71        1.0201       -22.51          0.3685 
  14       1.0750       -15.90        1.0771       -15.72          0.3732 
  15       1.0630       -13.44        1.0650       -13.27          0.3600 
  16       1.0740       -14.96        1.0765       -14.79          0.3745 
  17       1.0780       -10.37        1.0795       -10.23          0.2782 
  18       1.0680       -12.03        1.0697       -11.89          0.3009 
  19       1.0600       -12.75        1.0618       -12.58          0.3369 
  20       1.0560       -10.16        1.0577        -9.99          0.3426 
  21       1.0560        -7.73        1.0578        -7.57          0.3324 
  22       1.0640        -4.54        1.0653        -4.46          0.1833 
  23       1.0860         1.10        1.0879         1.15          0.1985 
  24       1.0800         2.83        1.0815         2.86          0.1555 
  25       1.1000         3.89        1.1014         3.90          0.1323 
  26       0.9760         4.58        0.9776         4.56          0.1614 
  27       1.0950        -0.83        1.0967        -0.76          0.1987 
  28       1.0940        -2.23        1.0958        -2.18          0.1856 
  29       1.0970        -3.28        1.0990        -3.21          0.2259 
  30       1.0600        -8.61        1.0624        -8.50          0.2973 
  31       1.1000        -3.41        1.1017        -3.33          0.2091 
  32       1.0890        -2.47        1.0906        -2.39          0.2033 
  33       1.0500       -14.40        1.0524       -14.33          0.2641 
  34       1.0490       -14.76        1.0519       -14.73          0.2805 
  35       1.0410       -14.91        1.0439       -14.88          0.2842 
  36       1.0410       -14.90        1.0440       -14.87          0.2932 
  37       1.0460       -14.41        1.0485       -14.38          0.2444 
  38       1.0650       -11.61        1.0676       -11.54          0.2693 
  39       0.9900       -15.81        0.9920       -15.75          0.2313 
  40       0.9650       -16.07        0.9674       -16.03          0.2573 
  41       0.9710       -17.00        0.9738       -16.95          0.3062 
  42       1.0050       -17.58        1.0080       -17.53          0.3107 
  43       1.0560       -16.60        1.0581       -16.56          0.2126 
  44       1.0710       -17.68        1.0737       -17.63          0.2667 
  45       1.0700       -17.46        1.0727       -17.43          0.2572 
  46       1.0770       -15.85        1.0796       -15.85          0.2377 
  47       1.0560       -14.44        1.0590       -14.45          0.2819 
  48       1.0800       -16.17        1.0826       -16.12          0.2515 
  49       1.0770       -15.79        1.0795       -15.75          0.2405 
  50       1.0780       -17.27        1.0803       -17.25          0.2169 
  51       1.0780       -19.10        1.0803       -19.05          0.2298 
  52       1.0780       -19.73        1.0804       -19.66          0.2463 
  53       1.0860       -20.44        1.0884       -20.36          0.2586 
  54       1.1000       -20.08        1.1021       -20.01          0.2257 
  55       1.0910       -20.05        1.0932       -19.98          0.2337 
  56       1.0930       -20.02        1.0952       -19.96          0.2284 
  57       1.0860       -19.11        1.0883       -19.03          0.2467 
  58       1.0830       -19.66        1.0858       -19.59          0.2811 
  59       1.0900       -18.02        1.0926       -17.96          0.2562 
  60       1.0050       -14.96        1.0074       -14.89          0.2638 
  61       0.9980       -14.30        1.0007       -14.22          0.3013 
  62       1.0060       -14.75        1.0088       -14.69          0.2970 
  63       1.0580       -14.97        1.0605       -14.92          0.2576 
  64       1.0440       -13.24        1.0460       -13.19          0.2074 
  65       1.0680        -9.72        1.0707        -9.70          0.2525 
  66       1.0640       -12.86        1.0668       -12.84          0.2623 
  67       1.0340       -14.26        1.0364       -14.24          0.2394 
  68       1.0560        -6.31        1.0583        -6.31          0.2185 
  69       0.9500         0.00        0.9538         0.00          0.3985 
  70       0.9150        -1.10        0.9187        -1.09          0.4077 
  71       0.9080         0.40        0.9112         0.39          0.3564 
  72       0.9000         4.35        0.9041         4.37          0.4576 
  73       0.9000         1.35        0.9036         1.35          0.3955 
  74       0.9000        -3.73        0.9033        -3.69          0.3769 
  75       0.9130        -3.58        0.9161        -3.55          0.3395 
  76       0.9000        -4.71        0.9031        -4.66          0.3546 
  77       0.9780        -4.33        0.9814        -4.35          0.3520 
  78       0.9780        -5.04        0.9818        -5.05          0.3871 
  79       0.9880        -5.73        0.9914        -5.75          0.3418 
  80       1.0210        -6.60        1.0243        -6.60          0.3246 
  81       1.0490        -6.39        1.0515        -6.39          0.2395 
  82       1.0030        -3.25        1.0063        -3.25          0.3323 
  83       1.0040        -1.37        1.0067        -1.41          0.2776 
  84       1.0060         2.04        1.0084         1.96          0.2799 
  85       1.0130         3.90        1.0154         3.84          0.2631 
  86       1.0440         5.91        1.0470         5.81          0.3399 
  87       1.1000        10.74        1.1028        10.65          0.2928 
  88       1.0350         5.59        1.0376         5.50          0.2964 
  89       1.0590         7.92        1.0617         7.83          0.2990 
  90       1.0740         5.66        1.0768         5.58          0.2945 
  91       1.0740         5.79        1.0768         5.71          0.2966 
  92       1.0490         3.38        1.0520         3.36          0.2911 
  93       1.0450         0.10        1.0474         0.05          0.2475 
  94       1.0470        -2.44        1.0503        -2.46          0.3137 
  95       1.0280        -3.44        1.0312        -3.44          0.3153 
  96       1.0190        -4.05        1.0226        -4.04          0.3555 
  97       1.0170        -5.54        1.0207        -5.53          0.3633 
  98       1.0460        -6.22        1.0493        -6.20          0.3225 
  99       1.0710        -3.68        1.0743        -3.69          0.3100 
 100       1.1000        -3.59        1.1034        -3.59          0.3089 
 101       1.0690        -1.21        1.0720        -1.24          0.2853 
 102       1.0550         1.77        1.0580         1.76          0.2866 
 103       1.0910        -3.93        1.0943        -3.93          0.3055 
 104       1.0790        -4.23        1.0820        -4.23          0.2735 
 105       1.0790        -4.40        1.0825        -4.35          0.3374 
 106       1.0830        -4.80        1.0863        -4.78          0.3095 
 107       1.1000        -4.62        1.1036        -4.55          0.3491 
 108       1.0800        -4.55        1.0837        -4.51          0.3465 
 109       1.0800        -4.59        1.0840        -4.55          0.3793 
 110       1.0830        -4.50        1.0864        -4.47          0.3178 
 111       1.1000        -3.58        1.1036        -3.54          0.3388 
 112       1.1000        -5.07        1.1039        -5.04          0.3582 
 113       1.1000        -9.34        1.1020        -9.20          0.3029 
 114       1.0890        -2.08        1.0906        -1.99          0.2200 
 115       1.0890        -1.99        1.0908        -1.89          0.2400 
 116       1.0620        -6.08        1.0648        -6.08          0.2601 
 117       1.0710       -17.30        1.0737       -17.09          0.4498 
 118       0.9020        -4.46        0.9055        -4.41          0.3959 
----------------------------------------------------------------------------------
Convergiu em:    4 iteraçoes com TVE medio de     0.2972 
----------------------------------------------------------------------------------
--- RESIDUOS NORMALIZADOS --------------------------------------------------------
   N    D    P  TP      Real     Medido   Estimado      Med-Est        rn 
----------------------------------------------------------------------------------
  45   19   34  1    +0.1588    +0.1923    +0.1681  +2.4198e-002      9.036 
 221   19   34  4    -0.0338    -0.0574    -0.0409  -1.6476e-002      8.729 
 226   34   37  4    +0.5393    +0.5297    +0.5369  -7.1479e-003      3.963 
  44   15   33  1    +0.1683    +0.1768    +0.1830  -6.2287e-003      3.931 
  48   33   37  1    +0.0103    +0.0118    +0.0146  -2.7656e-003      3.904 
  26   15   19  1    -0.2941    -0.2832    -0.2875  +4.2983e-003      3.901 
  54   30   38  1    +1.0780    +1.0796    +1.1008  -2.1134e-002      3.889 
  51   38   37  1    +1.4515    +1.4530    +1.4781  -2.5094e-002      3.556 
 224   33   37  4    +0.0113    +0.0079    +0.0045  +3.4147e-003      3.525 
 220   15   33  4    +0.0412    +0.0394    +0.0357  +3.6681e-003      3.498 
 274   65   66  4    +0.1615    +0.1675    +0.1597  +7.7494e-003      3.110 
  91   63   64  1    -1.5904    -1.5760    -1.5905  +1.4447e-002      3.045 
  90   63   59  1    +1.5904    +1.5698    +1.5955  -2.5655e-002      3.000 
 337  105  108  4    -0.0389    -0.0400    -0.0410  +9.3480e-004      2.923 
 339  108  109  4    -0.0245    -0.0251    -0.0254  +3.4475e-004      2.921 
 341  109  110  4    -0.0367    -0.0341    -0.0351  +9.7296e-004      2.920 
 338  106  107  4    -0.1176    -0.1122    -0.1158  +3.6666e-003      2.873 
 336  105  107  4    -0.1483    -0.1535    -0.1489  -4.5336e-003      2.867 
 335  100  106  4    +0.0150    +0.0159    +0.0135  +2.3941e-003      2.846 
 340  103  110  4    +0.0056    +0.0040    +0.0057  -1.7070e-003      2.805 
 294   78   79  4    -0.4689    -0.4752    -0.4714  -3.7700e-003      2.799 
 292   75   77  4    -0.3103    -0.3031    -0.3126  +9.4292e-003      2.785 
 296   79   80  4    -0.4956    -0.5072    -0.4952  -1.2048e-002      2.778 
  27   20   21  1    -0.5298    -0.5335    -0.5294  -4.1200e-003      2.769 
  25   19   20  1    -0.4028    -0.4100    -0.4061  -3.8858e-003      2.731 
  28   21   22  1    -0.6307    -0.6208    -0.6150  -5.8103e-003      2.721 
 188   11   12  4    -0.4014    -0.4025    -0.4165  +1.4015e-002      2.719 
  14    3   12  1    -0.0193    -0.0176    -0.0212  +3.5870e-003      2.705 
 291   69   77  4    -0.4579    -0.4681    -0.4582  -9.8908e-003      2.685 
 175   75  118  1    +0.2963    +0.2893    +0.2925  -3.2129e-003      2.683 
 216   29   31  4    -0.1053    -0.1059    -0.1072  +1.3173e-003      2.682 
 211   28   29  4    -0.1027    -0.0988    -0.1023  +3.5259e-003      2.670 
 176   76  118  1    -0.0684    -0.0716    -0.0729  +1.3349e-003      2.669 
 293   77   78  4    -0.2922    -0.2899    -0.2889  -1.0058e-003      2.668 
 210   27   28  4    -0.0726    -0.0687    -0.0713  +2.6145e-003      2.654 
 156  100  103  1    +0.1777    +0.1797    +0.1773  +2.3590e-003      2.645 
 138   92   94  1    +0.6595    +0.6777    +0.6625  +1.5152e-002      2.644 
 201   19   20  4    +0.1166    +0.1211    +0.1183  +2.8611e-003      2.637 
 114   76   77  1    -0.1666    -0.1667    -0.1611  -5.5409e-003      2.630 
 158  103  104  1    +0.0584    +0.0626    +0.0593  +3.2799e-003      2.626 
  36   30   17  1    +0.9016    +0.9040    +0.8945  +9.4196e-003      2.552 
 203   20   21  4    +0.1103    +0.1137    +0.1118  +1.8962e-003      2.551 
 157  100  104  1    +0.0863    +0.0823    +0.0867  -4.4654e-003      2.531 
  29   22   23  1    -0.7062    -0.7163    -0.7052  -1.1096e-002      2.501 
 275   66   67  4    +0.2346    +0.2399    +0.2356  +4.3352e-003      2.462 
 204   21   22  4    +0.0568    +0.0563    +0.0548  +1.4576e-003      2.444 
   3    4    5  1    -0.1998    -0.2081    -0.2084  +3.0784e-004      2.421 
 273   62   67  4    -0.2267    -0.2334    -0.2283  -5.0604e-003      2.421 
  10    4   11  1    +0.9328    +0.9154    +0.9318  -1.6438e-002      2.362 
 270   64   65  4    -0.7768    -0.7826    -0.7895  +6.9651e-003      2.328 
 112   69   75  1    +0.4910    +0.4818    +0.4916  -9.8900e-003      2.324 
 119   77   80  1    -0.3555    -0.3612    -0.3646  +3.4258e-003      2.263 
 205   22   23  4    +0.0155    +0.0135    +0.0119  +1.6050e-003      2.253 
 260   55   59  4    +0.0153    +0.0098    +0.0133  -3.4788e-003      2.223 
  82   54   59  1    -0.1679    -0.1742    -0.1685  -5.7236e-003      2.218 
 181    5    6  4    +0.4271    +0.4181    +0.4244  -6.2748e-003      2.180 
 182    6    7  4    -0.5534    -0.5610    -0.5573  -3.6436e-003      2.156 
 191    7   12  4    -0.5700    -0.5743    -0.5682  -6.1674e-003      2.124 
 103   68   69  1    -2.9764    -3.0395    -2.9987  -4.0773e-002      2.110 
  50   34   37  1    -0.5704    -0.5772    -0.5807  +3.5184e-003      2.110 
 225   34   36  4    +0.2505    +0.2533    +0.2488  +4.4844e-003      2.101 
 113   74   75  1    -0.1269    -0.1250    -0.1241  -9.4652e-004      2.096 
 222   35   36  4    -0.0045    -0.0082    -0.0078  -4.5068e-004      2.069 
 110   70   74  1    +0.2922    +0.2856    +0.2917  -6.0609e-003      2.067 
 223   35   37  4    -0.0575    -0.0546    -0.0576  +3.0206e-003      2.066 
   4    3    5  1    -0.5487    -0.5603    -0.5505  -9.7667e-003      2.055 
 117   77   78  1    +0.8668    +0.8505    +0.8560  -5.4605e-003      2.046 
  11    5   11  1    +0.9324    +0.9475    +0.9329  +1.4657e-002      2.032 
 281   24   70  4    +0.3783    +0.3810    +0.3731  +7.8331e-003      2.027 
 192   11   13  4    +0.3271    +0.3251    +0.3283  -3.1889e-003      2.007 
 194   13   15  4    +0.0494    +0.0446    +0.0475  -2.9590e-003      2.006 
 324   94  100  4    -1.0190    -1.0066    -1.0197  +1.3138e-002      1.995 
 111   70   75  1    +0.2402    +0.2460    +0.2406  +5.3889e-003      1.980 
 120   79   80  1    +0.1094    +0.1030    +0.1059  -2.9189e-003      1.968 
 312   91   92  4    +0.0777    +0.0756    +0.0783  -2.6558e-003      1.957 
 189    2   12  4    -0.1936    -0.2006    -0.1980  -2.5854e-003      1.957 
 310   90   91  4    -0.0033    -0.0051    -0.0040  -1.0826e-003      1.955 
 118   78   79  1    +0.3785    +0.3815    +0.3848  -3.2777e-003      1.954 
 309   89   90  4    -0.4680    -0.4771    -0.4705  -6.5341e-003      1.949 
 178    1    3  4    -0.1789    -0.1832    -0.1848  +1.6289e-003      1.942 
  92   64   61  1    +0.7178    +0.7075    +0.7032  +4.2676e-003      1.940 
 177    1    2  4    -0.1580    -0.1646    -0.1611  -3.5475e-003      1.936 
 268   64   61  4    +1.7796    +1.7574    +1.7737  -1.6307e-002      1.930 
 147   92  100  1    +0.4208    +0.4140    +0.4221  -8.0968e-003      1.905 
 121   68   81  1    +0.1088    +0.1107    +0.1105  +2.6799e-004      1.891 
 249   53   54  4    -0.1237    -0.1246    -0.1220  -2.5961e-003      1.891 
 230   30   38  4    -0.4024    -0.4013    -0.4054  +4.0861e-003      1.884 
 248   52   53  4    -0.0947    -0.0968    -0.0938  -2.9722e-003      1.874 
 122   81   80  1    +0.1086    +0.1053    +0.1048  +4.8777e-004      1.864 
 306   85   88  4    -0.1636    -0.1687    -0.1658  -2.9256e-003      1.849 
 247   51   52  4    -0.0748    -0.0756    -0.0747  -9.2718e-004      1.822 
 308   88   89  4    -0.2159    -0.2210    -0.2185  -2.4905e-003      1.818 
 246   49   51  4    -0.1672    -0.1704    -0.1668  -3.5642e-003      1.761 
 141   80   96  1    -0.2417    -0.2396    -0.2448  +5.2363e-003      1.716 
 259   56   59  4    +0.0650    +0.0645    +0.0618  +2.6236e-003      1.694 
  57   40   42  1    +0.0697    +0.0716    +0.0685  +3.1017e-003      1.693 
 215   17   31  4    +0.1415    +0.1380    +0.1409  -2.8951e-003      1.690 
 214   26   30  4    -1.3180    -1.3205    -1.3312  +1.0713e-002      1.637 
 139   93   94  1    +0.6031    +0.5910    +0.5955  -4.5570e-003      1.627 
 137   92   93  1    +0.6969    +0.7018    +0.7086  -6.8277e-003      1.619 
  83   56   59  1    -0.2957    -0.2929    -0.2974  +4.5270e-003      1.602 
 218   31   32  4    +0.1541    +0.1584    +0.1553  +3.0446e-003      1.597 
  58   41   42  1    -0.0006    -0.0023    -0.0009  -1.4027e-003      1.587 
  56   40   41  1    +0.2540    +0.2483    +0.2502  -1.9588e-003      1.573 
 227   38   37  4    +0.5985    +0.5835    +0.5795  +4.0127e-003      1.557 
 206   23   24  4    +0.2891    +0.2950    +0.2942  +7.3557e-004      1.545 
  13    2   12  1    -0.1851    -0.1833    -0.1814  -1.9556e-003      1.531 
   2    1    3  1    -0.3006    -0.2943    -0.2964  +2.1475e-003      1.516 
 217   23   32  4    -0.2393    -0.2335    -0.2369  +3.4616e-003      1.516 
 238   45   46  4    -0.0008    -0.0037    -0.0024  -1.2578e-003      1.512 
   1    1    2  1    -0.0474    -0.0525    -0.0509  -1.5848e-003      1.507 
 295   77   80  4    -2.6899    -2.6578    -2.6833  +2.5465e-002      1.493 
 108   71   72  1    -0.2823    -0.2843    -0.2878  +3.5072e-003      1.489 
 106   70   71  1    -0.5360    -0.5276    -0.5289  +1.3750e-003      1.487 
 107   24   72  1    +0.1089    +0.1054    +0.1068  -1.4493e-003      1.486 
 237   44   45  4    +0.0098    +0.0088    +0.0092  -4.3833e-004      1.443 
 235   43   44  4    -0.1161    -0.1192    -0.1168  -2.3958e-003      1.434 
 208   26   25  4    -3.1662    -3.1878    -3.1687  -1.9108e-002      1.429 
 272   62   66  4    -0.2477    -0.2537    -0.2492  -4.5097e-003      1.422 
 197   15   17  4    +0.0740    +0.0702    +0.0717  -1.5157e-003      1.419 
 236   34   43  4    -0.1082    -0.1071    -0.1056  -1.4599e-003      1.408 
 101   47   69  1    -0.6808    -0.6787    -0.6870  +8.2737e-003      1.395 
 352   76  118  4    -0.0189    -0.0229    -0.0226  -3.1650e-004      1.395 
  75   54   55  1    +0.0234    +0.0264    +0.0239  +2.5379e-003      1.391 
  94   64   65  1    -2.3134    -2.2909    -2.3073  +1.6334e-002      1.383 
 279   68   69  4    +3.1752    +3.1286    +3.1549  -2.6315e-002      1.376 
 168   17  113  1    -0.8690    -0.8713    -0.8729  +1.5966e-003      1.363 
 196   12   16  4    +0.1470    +0.1426    +0.1412  +1.4509e-003      1.359 
  97   62   67  1    -0.1236    -0.1185    -0.1169  -1.6433e-003      1.358 
 198   16   17  4    +0.0951    +0.0996    +0.0972  +2.4037e-003      1.339 
 154   92  102  1    +0.5103    +0.5107    +0.5086  +2.1819e-003      1.320 
 351   75  118  4    +0.1072    +0.1110    +0.1105  +4.4606e-004      1.315 
 155  101  102  1    -0.4668    -0.4795    -0.4755  -3.9130e-003      1.300 
 153  100  101  1    -0.3119    -0.3095    -0.3070  -2.4455e-003      1.300 
  21   15   17  1    -1.3750    -1.3753    -1.3634  -1.1911e-002      1.296 
  86   59   61  1    -0.3071    -0.3153    -0.3110  -4.3086e-003      1.286 
 333  100  104  4    +0.0618    +0.0621    +0.0643  -2.1444e-003      1.286 
  99   66   67  1    +0.3194    +0.3247    +0.3217  +3.0283e-003      1.278 
 323   92  100  4    -0.2709    -0.2773    -0.2731  -4.2573e-003      1.255 
 345   32  113  4    -0.2418    -0.2473    -0.2437  -3.5651e-003      1.253 
 288   69   75  4    +0.0863    +0.0909    +0.0891  +1.8437e-003      1.243 
 239   46   47  4    +0.2080    +0.2027    +0.2053  -2.5929e-003      1.235 
  85   59   60  1    -0.2495    -0.2552    -0.2517  -3.4592e-003      1.231 
 186    4   11  4    +0.1943    +0.1960    +0.1932  +2.8466e-003      1.228 
  84   55   59  1    -0.1838    -0.1814    -0.1845  +3.1342e-003      1.207 
 290   76   77  4    -0.4391    -0.4395    -0.4444  +4.9061e-003      1.205 
  62   45   46  1    -0.2340    -0.2274    -0.2298  +2.4042e-003      1.183 
  81   51   58  1    +0.1164    +0.1134    +0.1123  +1.1080e-003      1.183 
  80   56   58  1    -0.0333    -0.0366    -0.0357  -9.2581e-004      1.181 
 209   25   27  4    -0.1643    -0.1682    -0.1657  -2.4936e-003      1.171 
 344   17  113  4    -0.5382    -0.5405    -0.5418  +1.2325e-003      1.159 
 278   49   69  4    +0.6867    +0.6776    +0.6845  -6.8895e-003      1.152 
 241   47   49  4    -0.4485    -0.4421    -0.4392  -2.9591e-003      1.151 
 200   18   19  4    +0.0984    +0.0957    +0.0972  -1.4777e-003      1.150 
 199   17   18  4    +0.0417    +0.0453    +0.0464  -1.1043e-003      1.146 
 143   94   96  1    +0.4105    +0.4108    +0.4065  +4.2877e-003      1.145 
  30   23   24  1    -0.6294    -0.6279    -0.6265  -1.4056e-003      1.136 
 300   82   83  4    +0.2336    +0.2319    +0.2327  -7.7491e-004      1.124 
  77   55   56  1    -0.0741    -0.0727    -0.0734  +6.1725e-004      1.124 
 307   85   89  4    -0.2146    -0.2140    -0.2171  +3.0750e-003      1.115 
 334  103  104  4    +0.0414    +0.0451    +0.0438  +1.3189e-003      1.106 
 242   42   49  4    -0.4669    -0.4698    -0.4658  -4.0459e-003      1.105 
 179    4    5  4    +2.2280    +2.1877    +2.1958  -8.0871e-003      1.085 
  76   54   56  1    +0.1029    +0.1066    +0.1070  -4.5734e-004      1.066 
  31   23   25  1    -0.7325    -0.7259    -0.7225  -3.3473e-003      1.060 
 169   32  113  1    +0.6419    +0.6327    +0.6379  -5.1736e-003      1.057 
 149   95   96  1    +0.2329    +0.2276    +0.2291  -1.4615e-003      1.057 
  16   11   13  1    +1.6889    +1.6939    +1.6865  +7.4783e-003      1.057 
 140   94   95  1    +0.5244    +0.5185    +0.5214  -2.8826e-003      1.054 
 251   54   55  4    +0.1222    +0.1178    +0.1202  -2.4396e-003      1.053 
 276   65   68  4    +0.9447    +0.9371    +0.9382  -1.1082e-003      1.052 
 319   94   96  4    +0.2003    +0.1978    +0.2003  -2.5353e-003      1.018 
  15    7   12  1    +0.2783    +0.2844    +0.2853  -9.2086e-004      1.014 
 193   12   14  4    +0.0956    +0.0978    +0.0985  -7.0816e-004      1.011 
 195   14   15  4    +0.1083    +0.1051    +0.1071  -1.9840e-003      1.005 
  70   49   51  1    +0.4365    +0.4406    +0.4368  +3.8190e-003      0.993 
 347   27  115  4    +0.0081    +0.0061    +0.0071  -1.0043e-003      0.983 
 328   99  100  4    -0.3719    -0.3753    -0.3736  -1.7256e-003      0.981 
 287   70   75  4    -0.0668    -0.0637    -0.0654  +1.6931e-003      0.980 
 348  114  115  4    +0.0202    +0.0180    +0.0178  +1.5353e-004      0.975 
 346   32  114  4    +0.0228    +0.0199    +0.0190  +9.1387e-004      0.972 
 262   59   61  4    +0.7280    +0.7238    +0.7297  -5.9172e-003      0.967 
 322   80   99  4    -0.2012    -0.2044    -0.2021  -2.3238e-003      0.955 
 164  103  110  1    +0.0714    +0.0701    +0.0692  +9.1402e-004      0.947 
  33   25   27  1    +0.5966    +0.5862    +0.5902  -3.9990e-003      0.935 
 180    3    5  4    -0.1011    -0.1016    -0.1030  +1.3818e-003      0.933 
 302   83   85  4    +0.1199    +0.1218    +0.1236  -1.7654e-003      0.932 
 202   15   19  4    +0.1669    +0.1690    +0.1704  -1.4461e-003      0.921 
   6    6    7  1    +0.4103    +0.4120    +0.4128  -7.8669e-004      0.912 
 311   89   92  4    -0.1611    -0.1666    -0.1673  +7.4008e-004      0.912 
  63   46   47  1    -0.1523    -0.1522    -0.1538  +1.6489e-003      0.897 
 213    8   30  4    -0.3337    -0.3377    -0.3391  +1.3704e-003      0.891 
 190    3   12  4    -0.1384    -0.1383    -0.1404  +2.0791e-003      0.890 
 184    8    5  4    -1.0839    -1.0873    -1.0837  -3.6862e-003      0.890 
 219   27   32  4    -0.0518    -0.0505    -0.0493  -1.2933e-003      0.876 
 250   49   54  4    -0.3790    -0.3733    -0.3765  +3.2704e-003      0.862 
 159  100  106  1    +0.1240    +0.1203    +0.1217  -1.3769e-003      0.851 
   5    5    6  1    +0.7225    +0.7121    +0.7160  -3.9007e-003      0.845 
 116   75   77  1    -0.0289    -0.0233    -0.0245  +1.1401e-003      0.838 
 252   54   56  4    +0.7723    +0.7601    +0.7580  +2.1225e-003      0.831 
 150   96   97  1    +0.2964    +0.3028    +0.3009  +1.8176e-003      0.768 
  67   45   49  1    -0.1713    -0.1739    -0.1722  -1.6955e-003      0.761 
 243   45   49  4    +0.0007    +0.0021    +0.0012  +8.9489e-004      0.759 
 127   84   85  1    -0.4600    -0.4655    -0.4669  +1.3737e-003      0.757 
 317   80   96  4    +0.0388    +0.0385    +0.0373  +1.2783e-003      0.751 
 125   83   84  1    -0.3745    -0.3672    -0.3692  +2.0591e-003      0.749 
 144   80   97  1    -0.1912    -0.1942    -0.1930  -1.1931e-003      0.734 
   8    8    5  1    +2.4172    +2.3855    +2.3782  +7.2941e-003      0.733 
  71   51   52  1    +0.1952    +0.1905    +0.1912  -7.1705e-004      0.716 
  95   49   66  1    -1.1666    -1.1714    -1.1672  -4.2234e-003      0.714 
 170   32  114  1    -0.1244    -0.1294    -0.1300  +6.7394e-004      0.711 
 160  105  107  1    -0.0101    -0.0116    -0.0121  +4.7209e-004      0.705 
 172  114  115  1    -0.1795    -0.1860    -0.1862  +1.4846e-004      0.702 
 232   40   41  4    -0.1982    -0.2063    -0.2058  -4.3655e-004      0.699 
  60   34   43  1    +0.1911    +0.1915    +0.1905  +1.0693e-003      0.693 
  53   37   40  1    +0.3129    +0.3167    +0.3144  +2.2473e-003      0.688 
 162  106  107  1    -0.0468    -0.0514    -0.0508  -5.9943e-004      0.684 
 104   69   70  1    +0.1837    +0.1850    +0.1838  +1.1997e-003      0.669 
 234   41   42  4    -0.2600    -0.2635    -0.2620  -1.5144e-003      0.669 
  96   62   66  1    -0.2106    -0.2061    -0.2079  +1.8493e-003      0.667 
 171   27  115  1    +0.3311    +0.3212    +0.3229  -1.6848e-003      0.662 
  59   43   44  1    +0.0664    +0.0669    +0.0662  +7.5165e-004      0.654 
 130   85   88  1    -0.3333    -0.3277    -0.3289  +1.1959e-003      0.641 
 207   23   25  4    -0.0789    -0.0773    -0.0769  -3.7803e-004      0.625 
  65   47   49  1    +0.2940    +0.2862    +0.2852  +9.9178e-004      0.621 
  61   44   45  1    -0.0432    -0.0395    -0.0397  +2.1650e-004      0.620 
 142   82   96  1    +0.1654    +0.1584    +0.1589  -5.6934e-004      0.619 
  38   26   30  1    +2.6638    +2.6351    +2.6458  -1.0640e-002      0.618 
 229   37   40  4    +0.3703    +0.3724    +0.3746  -2.1265e-003      0.615 
 299   77   82  4    -0.2270    -0.2246    -0.2234  -1.2105e-003      0.601 
 132   88   89  1    -0.6639    -0.6691    -0.6710  +1.8708e-003      0.589 
 126   83   85  1    -0.5914    -0.5933    -0.5904  -2.8577e-003      0.587 
 265   61   62  4    -0.2512    -0.2560    -0.2545  -1.4243e-003      0.581 
  55   39   40  1    +0.1784    +0.1834    +0.1839  -4.6856e-004      0.580 
  52   37   39  1    +0.3721    +0.3692    +0.3707  -1.5308e-003      0.578 
  72   52   53  1    +0.0715    +0.0695    +0.0704  -8.2025e-004      0.572 
  73   53   54  1    -0.0859    -0.0841    -0.0834  -6.3901e-004      0.561 
  88   60   62  1    -0.0663    -0.0689    -0.0681  -8.1685e-004      0.560 
 320   80   97  4    +0.0682    +0.0668    +0.0661  +6.4019e-004      0.540 
 163  108  109  1    +0.0202    +0.0203    +0.0204  -6.2613e-005      0.538 
 258   54   59  4    +0.0520    +0.0485    +0.0495  -1.0044e-003      0.537 
 161  105  108  1    +0.0342    +0.0342    +0.0344  -1.6602e-004      0.529 
 165  109  110  1    -0.0348    -0.0292    -0.0291  -1.7255e-004      0.527 
  24   18   19  1    +0.3094    +0.3057    +0.3050  +7.0388e-004      0.524 
 332  100  103  4    +0.1024    +0.1039    +0.1042  -3.3704e-004      0.524 
 123   77   82  1    -0.2827    -0.2889    -0.2875  -1.3262e-003      0.523 
  23   17   18  1    +0.6742    +0.6749    +0.6730  +1.9465e-003      0.522 
 326   96   97  4    -0.0460    -0.0456    -0.0451  -5.0779e-004      0.516 
  37    8   30  1    -0.6166    -0.6271    -0.6260  -1.0806e-003      0.509 
  46   35   36  1    -0.0206    -0.0175    -0.0176  +9.6541e-005      0.504 
 321   80   98  4    -0.2271    -0.2272    -0.2265  -6.9041e-004      0.492 
 269   38   65  4    -0.5814    -0.5882    -0.5899  +1.7828e-003      0.483 
 327   98  100  4    -0.2575    -0.2610    -0.2597  -1.2963e-003      0.483 
 146   80   99  1    -0.3091    -0.3113    -0.3097  -1.6392e-003      0.480 
  47   35   37  1    -0.2044    -0.2048    -0.2035  -1.2448e-003      0.476 
  43   27   32  1    +0.4412    +0.4406    +0.4388  +1.7509e-003      0.470 
  20   12   16  1    -0.3103    -0.3115    -0.3110  -4.9853e-004      0.452 
 263   60   61  4    +0.6489    +0.6450    +0.6438  +1.1845e-003      0.443 
 152   99  100  1    -0.1015    -0.1047    -0.1045  -2.2640e-004      0.443 
 264   60   62  4    -0.0137    -0.0176    -0.0172  -4.5723e-004      0.434 
  39   17   31  1    -0.8690    -0.8675    -0.8648  -2.7109e-003      0.431 
  34   27   28  1    +0.3299    +0.3336    +0.3346  -9.8227e-004      0.423 
 187    5   11  4    -0.0500    -0.0470    -0.0475  +4.9854e-004      0.399 
 286   70   74  4    +0.0076    +0.0103    +0.0107  -4.4712e-004      0.386 
 244   48   49  4    +0.1011    +0.0980    +0.0982  -2.1505e-004      0.380 
 240   46   48  4    -0.0536    -0.0520    -0.0514  -6.0885e-004      0.379 
 266   63   59  4    -0.8254    -0.8392    -0.8377  -1.4415e-003      0.364 
  32   26   25  1    +0.3362    +0.3287    +0.3286  +1.0692e-004      0.358 
 267   63   64  4    +0.8254    +0.8139    +0.8133  +6.5778e-004      0.351 
 271   49   66  4    +0.5377    +0.5314    +0.5322  -8.0435e-004      0.350 
  89   61   62  1    +0.1588    +0.1627    +0.1622  +5.6852e-004      0.346 
 148   94  100  1    +0.0944    +0.0918    +0.0916  +1.9704e-004      0.341 
 289   74   75  4    -0.2446    -0.2503    -0.2498  -4.4321e-004      0.341 
  22   16   17  1    -0.4835    -0.4833    -0.4819  -1.4331e-003      0.339 
 124   82   83  1    -0.8207    -0.8101    -0.8107  +6.0232e-004      0.326 
 115   69   77  1    +0.5684    +0.5794    +0.5779  +1.4220e-003      0.313 
  18   13   15  1    -0.6887    -0.6913    -0.6896  -1.7030e-003      0.309 
 254   56   57  4    +0.1231    +0.1191    +0.1194  -3.1834e-004      0.296 
  98   65   66  1    +1.6801    +1.6889    +1.6863  +2.5505e-003      0.295 
 255   50   57  4    -0.1580    -0.1580    -0.1586  +5.3256e-004      0.289 
  35   28   29  1    +0.2121    +0.2067    +0.2072  -4.5442e-004      0.288 
 313   92   93  4    -0.1478    -0.1493    -0.1489  -3.9294e-004      0.286 
 245   49   50  4    -0.1437    -0.1436    -0.1439  +2.6464e-004      0.283 
 329  100  101  4    +0.3236    +0.3306    +0.3300  +6.5469e-004      0.263 
  49   34   36  1    +0.1834    +0.1789    +0.1792  -3.3557e-004      0.261 
 105   24   70  1    +0.1669    +0.1684    +0.1690  -6.2961e-004      0.258 
 318   82   96  4    -0.3743    -0.3829    -0.3835  +6.3724e-004      0.254 
  17   12   14  1    -0.1129    -0.1137    -0.1138  +1.2801e-004      0.254 
 131   85   89  1    -0.4607    -0.4618    -0.4608  -1.0348e-003      0.250 
  12   11   12  1    -0.3325    -0.3393    -0.3392  -1.5828e-004      0.243 
 134   90   91  1    -0.0296    -0.0296    -0.0295  -8.1102e-005      0.222 
 228   37   39  4    +0.4244    +0.4335    +0.4341  -6.1376e-004      0.220 
  19   14   15  1    -0.2094    -0.2097    -0.2102  +5.0136e-004      0.219 
  74   49   54  1    +0.5292    +0.5273    +0.5283  -9.7094e-004      0.208 
 315   93   94  4    -0.2108    -0.2181    -0.2178  -3.3735e-004      0.202 
 316   94   95  4    +0.2989    +0.2989    +0.2993  -3.9373e-004      0.201 
 212   30   17  4    -0.4603    -0.4558    -0.4553  -4.6088e-004      0.198 
 282   70   71  4    +0.3184    +0.3295    +0.3296  -7.0004e-005      0.195 
 231   39   40  4    +0.3453    +0.3405    +0.3408  -2.3715e-004      0.191 
 102   49   69  1    -0.6360    -0.6390    -0.6400  +1.0383e-003      0.181 
  69   49   50  1    +0.3510    +0.3566    +0.3569  -3.2181e-004      0.178 
 253   55   56  4    -0.1228    -0.1230    -0.1228  -1.0051e-004      0.177 
  79   50   57  1    +0.2318    +0.2240    +0.2243  -3.4053e-004      0.176 
 331  101  102  4    +0.2377    +0.2354    +0.2351  +2.7095e-004      0.175 
 325   95   96  4    +0.0843    +0.0840    +0.0841  -1.6410e-004      0.172 
 145   80   98  1    -0.1129    -0.1165    -0.1166  +1.4211e-004      0.171 
 298   81   80  4    +0.7873    +0.7735    +0.7731  +3.8794e-004      0.170 
 261   59   60  4    +0.6833    +0.6864    +0.6854  +9.1950e-004      0.158 
  78   56   57  1    -0.1457    -0.1511    -0.1512  +1.5683e-004      0.157 
  87   60   61  1    -0.7311    -0.7472    -0.7477  +4.7962e-004      0.142 
 151   98  100  1    -0.3463    -0.3454    -0.3459  +4.7595e-004      0.140 
 135   89   92  1    +2.2717    +2.2507    +2.2490  +1.7139e-003      0.135 
 133   89   90  1    +0.5916    +0.5935    +0.5932  +2.4260e-004      0.100 
 100   65   68  1    -4.0870    -4.0780    -4.0791  +1.0370e-003      0.095 
 301   83   84  4    +0.1578    +0.1616    +0.1618  -1.8279e-004      0.087 
 283   24   72  4    +0.9380    +0.9251    +0.9257  -5.5986e-004      0.087 
 330   92  102  4    -0.2228    -0.2249    -0.2249  -6.3206e-005      0.083 
 314   92   94  4    -0.1724    -0.1765    -0.1763  -2.0267e-004      0.080 
  41   23   32  1    +0.5926    +0.5890    +0.5893  -2.7396e-004      0.077 
 256   56   58  4    +0.1073    +0.1053    +0.1052  +8.0828e-005      0.066 
 136   91   92  1    +0.4024    +0.3946    +0.3947  -1.5304e-004      0.055 
 303   84   85  4    +0.1136    +0.1126    +0.1126  -3.7489e-005      0.048 
 233   40   42  4    -0.2519    -0.2555    -0.2554  -1.3393e-004      0.048 
 257   51   58  4    -0.1328    -0.1323    -0.1322  -5.0462e-005      0.047 
  93   38   65  1    -0.3784    -0.3712    -0.3711  -8.8318e-005      0.044 
  40   29   31  1    +0.0471    +0.0445    +0.0445  +9.8700e-006      0.041 
 297   68   81  4    -0.1049    -0.1059    -0.1059  +5.9640e-006      0.037 
  66   42   49  1    -0.2929    -0.2924    -0.2925  +8.5346e-005      0.037 
 277   47   69  4    +0.6844    +0.6851    +0.6849  +1.5789e-004      0.027 
  64   46   48  1    +0.0254    +0.0214    +0.0214  +2.3766e-005      0.019 
 280   69   70  4    +0.1646    +0.1656    +0.1656  +3.1905e-005      0.016 
 284   71   72  4    +0.1026    +0.0999    +0.0999  -8.1108e-006      0.012 
  42   31   32  1    -0.1480    -0.1484    -0.1484  -7.5516e-006      0.006 
  68   48   49  1    -0.1117    -0.1114    -0.1114  +1.6644e-006      0.003 
 350   12  117  4    +0.0160    +0.0129    +0.0129  +4.9030e-010      0.000 
 349   68  116  4    -1.6648    -1.6704    -1.6704  -1.8379e-008      0.000 
 343  110  112  4    -0.3490    -0.3568    -0.3568  -1.8010e-009      0.000 
 342  110  111  4    -0.1668    -0.1687    -0.1687  -2.3993e-009      0.000 
 305   86   87  4    -0.2203    -0.2182    -0.2182  -2.4874e-009      0.000 
 304   85   86  4    -0.1646    -0.1726    -0.1726  -1.0824e-009      0.000 
 285   71   73  4    +0.2065    +0.2017    +0.2017  +1.8288e-008      0.000 
 185    9   10  4    -0.7457    -0.7419    -0.7419  -7.8627e-009      0.000 
 183    8    9  4    -2.0135    -2.0353    -2.0353  -2.7277e-008      0.000 
 174   12  117  1    +0.1376    +0.1320    +0.1320  +6.2255e-010      0.000 
 173   68  116  1    -1.2418    -1.2581    -1.2581  -1.4249e-008      0.000 
 167  110  112  1    +0.0672    +0.0624    +0.0624  -2.3162e-009      0.000 
 166  110  111  1    -0.2979    -0.3051    -0.3051  +1.3940e-009      0.000 
 129   86   87  1    -0.4927    -0.4969    -0.4969  +3.6019e-010      0.000 
 128   85   86  1    -0.3439    -0.3424    -0.3424  -9.8254e-009      0.000 
 109   71   73  1    -0.2578    -0.2624    -0.2624  -6.9519e-008      0.000 
   9    9   10  1    -0.9979    -1.0079    -1.0079  -3.3341e-010      0.000 
   7    8    9  1    -0.9916    -1.0090    -1.0090  -6.9439e-009      0.000 
----------------------------------------------------------------------------------
Possível erro grosseiro no medidor 45!
Medida crítica    7!
Medida crítica    9!
Medida crítica  109!
Medida crítica  128!
Medida crítica  129!
Medida crítica  166!
Medida crítica  167!
Medida crítica  173!
Medida crítica  174!
Medida crítica  183!
Medida crítica  185!
Medida crítica  285!
Medida crítica  304!
Medida crítica  305!
Medida crítica  342!
Medida crítica  343!
Medida crítica  349!
Medida crítica  350!
Possíveis conjuntos críticos:
Conjunto 1: 257 233 303
Conjunto 2: 233 303
Conjunto 3: 283 301
Conjunto 4: 78 261
Conjunto 5: 298 145
Conjunto 6: 145 325
Conjunto 7: 331 79
Conjunto 8: 79 253
Conjunto 9: 253 69
Conjunto 10: 316 315
Conjunto 11: 19 228
Conjunto 12: 228 134
Conjunto 13: 17 318
Conjunto 14: 49 329
Conjunto 15: 313 35
Conjunto 16: 35 255
Conjunto 17: 98 254
Conjunto 18: 22 289 148
Conjunto 19: 289 148
Conjunto 20: 271 267
Conjunto 21: 240 244
Conjunto 22: 39 264
Conjunto 23: 152 263
Conjunto 24: 47 146
Conjunto 25: 146 327 269
Conjunto 26: 327 269
Conjunto 27: 46 37
Conjunto 28: 23 123 332 24
Conjunto 29: 123 332 24 165 161
Conjunto 30: 332 24 165 161
Conjunto 31: 24 165 161
Conjunto 32: 165 161
Conjunto 33: 258 163 320
Conjunto 34: 163 320
Conjunto 35: 88 73
Conjunto 36: 52 55 265
Conjunto 37: 55 265
Conjunto 38: 126 132
Conjunto 39: 229 38 142 61 65
Conjunto 40: 38 142 61 65
Conjunto 41: 142 61 65
Conjunto 42: 61 65 207
Conjunto 43: 65 207
Conjunto 44: 171 96
Conjunto 45: 96 234 104
Conjunto 46: 234 104
Conjunto 47: 162 53
Conjunto 48: 53 60
Conjunto 49: 60 232
Conjunto 50: 232 172 160
Conjunto 51: 172 160
Conjunto 52: 160 170
Conjunto 53: 170 95 71
Conjunto 54: 95 71
Conjunto 55: 8 144
Conjunto 56: 125 317
Conjunto 57: 317 127
Conjunto 58: 127 243 67
Conjunto 59: 243 67
Conjunto 60: 67 150
Conjunto 61: 252 116
Conjunto 62: 116 5
Conjunto 63: 5 159
Conjunto 64: 184 190 213 63
Conjunto 65: 190 213 63
Conjunto 66: 213 63
Conjunto 67: 311 6
Conjunto 68: 302 180 33
Conjunto 69: 180 33
Conjunto 70: 164 322
Conjunto 71: 262 346 348
Conjunto 72: 346 348 287 328
Conjunto 73: 348 287 328 347
Conjunto 74: 287 328 347
Conjunto 75: 328 347
Conjunto 76: 195 193 15
Conjunto 77: 193 15 319
Conjunto 78: 15 319
Conjunto 79: 276 251 140 16 149 169 31
Conjunto 80: 251 140 16 149 169 31
Conjunto 81: 140 16 149 169 31
Conjunto 82: 16 149 169 31 76
Conjunto 83: 149 169 31 76
Conjunto 84: 169 31 76
Conjunto 85: 31 76
Conjunto 86: 242 334 307
Conjunto 87: 334 307
Conjunto 88: 307 77 300
Conjunto 89: 77 300
Conjunto 90: 30 143 199
Conjunto 91: 143 199 200 241 278
Conjunto 92: 199 200 241 278
Conjunto 93: 200 241 278 344
Conjunto 94: 241 278 344
Conjunto 95: 278 344
Conjunto 96: 209 80 81
Conjunto 97: 80 81 62
Conjunto 98: 81 62
Conjunto 99: 290 84
Conjunto 100: 186 85 239
Conjunto 101: 85 239 288
Conjunto 102: 239 288
Conjunto 103: 288 345 323
Conjunto 104: 345 323
Conjunto 105: 99 333 86
Conjunto 106: 333 86 21
Conjunto 107: 86 21
Conjunto 108: 21 153 155
Conjunto 109: 153 155
Conjunto 110: 351 154
Conjunto 111: 97 196 168
Conjunto 112: 196 168
Conjunto 113: 168 279
Conjunto 114: 279 94
Conjunto 115: 94 75 352 101
Conjunto 116: 75 352 101
Conjunto 117: 352 101 236
Conjunto 118: 101 236
Conjunto 119: 236 197 272
Conjunto 120: 197 272 208
Conjunto 121: 272 208 235
Conjunto 122: 208 235
Conjunto 123: 235 237
Conjunto 124: 107 106 108 295
Conjunto 125: 106 108 295
Conjunto 126: 108 295
Conjunto 127: 295 1
Conjunto 128: 1 238 217 2
Conjunto 129: 238 217 2
Conjunto 130: 217 2
Conjunto 131: 2 13
Conjunto 132: 13 206
Conjunto 133: 206 227
Conjunto 134: 227 56
Conjunto 135: 56 58
Conjunto 136: 58 218 83
Conjunto 137: 218 83
Conjunto 138: 83 137
Conjunto 139: 137 139
Conjunto 140: 139 214
Conjunto 141: 215 57 259
Conjunto 142: 57 259
Conjunto 143: 308 247
Conjunto 144: 306 122
Conjunto 145: 122 248
Conjunto 146: 248 230 249 121
Conjunto 147: 230 249 121
Conjunto 148: 249 121 147
Conjunto 149: 121 147
Conjunto 150: 268 177 92 178 309
Conjunto 151: 177 92 178 309 118 310
Conjunto 152: 92 178 309 118 310 189 312
Conjunto 153: 178 309 118 310 189 312
Conjunto 154: 309 118 310 189 312
Conjunto 155: 118 310 189 312 120
Conjunto 156: 310 189 312 120
Conjunto 157: 189 312 120
Conjunto 158: 312 120
Conjunto 159: 120 111
Conjunto 160: 111 324
Conjunto 161: 324 194 192
Conjunto 162: 194 192
Conjunto 163: 192 281
Conjunto 164: 281 11 117
Conjunto 165: 11 117
Conjunto 166: 117 4 223 110
Conjunto 167: 4 223 110 222
Conjunto 168: 223 110 222
Conjunto 169: 110 222
Conjunto 170: 113 225 50 103
Conjunto 171: 225 50 103
Conjunto 172: 50 103 191
Conjunto 173: 103 191
Conjunto 174: 82 260
Conjunto 175: 205 119
Conjunto 176: 112 270
Conjunto 177: 273 3 204
Conjunto 178: 3 204
Conjunto 179: 204 275
Conjunto 180: 157 203 36
Conjunto 181: 203 36
Conjunto 182: 158 114 201 138 156
Conjunto 183: 114 201 138 156 210
Conjunto 184: 201 138 156 210
Conjunto 185: 138 156 210 293 176 211
Conjunto 186: 156 210 293 176 211
Conjunto 187: 210 293 176 211
Conjunto 188: 293 176 211 216 175 291
Conjunto 189: 176 211 216 175 291
Conjunto 190: 211 216 175 291
Conjunto 191: 216 175 291 14
Conjunto 192: 175 291 14
Conjunto 193: 291 14
Conjunto 194: 14 188 28 25
Conjunto 195: 188 28 25
Conjunto 196: 28 25
Conjunto 197: 27 296 292
Conjunto 198: 296 292 294 340
Conjunto 199: 292 294 340
Conjunto 200: 294 340
Conjunto 201: 335 336 338
Conjunto 202: 336 338
Conjunto 203: 341 339 337
Conjunto 204: 339 337
Conjunto 205: 220 224
Conjunto 206: 224 51
Conjunto 207: 54 26 48
Conjunto 208: 26 48 44
Conjunto 209: 48 44
Conjunto 210: 44 226
Medidas com alta correlação: 165 e 161 
Medidas com alta correlação: 165 e 161 
Medidas com alta correlação: 165 e 161 
Medidas com alta correlação: 165 e 161 
Medidas com alta correlação: 184 e 213 
Medidas com alta correlação: 153 e 155 
Medidas com alta correlação: 153 e 155 
