================================================================================= 
=== UFF - Doutorado em Computação - Aplicaçoes em Sistemas de Potencia        === 
=== ESTIMADOR DE ESTADO MÍNIMOS QUADRADOS PONDERADOS INCLUINDO MEDIDAS DE PMU === 
=== Desenvolvido por: Rui Menezes de Moraes - 2009                            === 
================================================================================= 
Arquivo de medidores:          .\med\S1_CS1_39M.med
Arquivo do sistema:            .\sist\ieee14.cdf
Tolerância entre iteraçoes:    1.00e-005
Limite de iteraçoes:           100

--- DADOS DA REDE --------------------------------------------------------------- 
Data do caso:                  08/19/93
Origem:                        UW ARCHIVE          
MVA base:                      100
Ano:                           1962
Estação:                       W
Identificação:                 IEEE 14 Bus Test Case
Número de barras:              14 
Número de ramos:               20 
Referência na barra:           1

--- TELEMEDIDAS ------------------------------------------------------------------
    Tipo 1 = Fluxo de potencia ativa        Tipo  6 = Módulo da tensão            
    Tipo 2 = Injeção de potencia ativa      Tipo  7 = Corrente de ramo (real)     
    Tipo 3 = Ângulo de fase da tensão       Tipo  8 = Corrente de ramo (imag)     
    Tipo 4 = Fluxo de potencia reativa      Tipo  9 = Injeção de corrente (real)  
    Tipo 5 = Injeção de potencia reativa    Tipo 10 = Injeção de corrente (imag)  
----------------------------------------------------------------------------------
   N    D    P TP  PN ST   Exa   FS       DP      V_Ref      V_Med          E(%) 
----------------------------------------------------------------------------------
   1    1    2  1   0  0 0.020 01.0  0.00015   +1.56805   +1.56277     -0.336724 
   2    1    5  1   0  0 0.020 01.0  0.00005   +0.75460   +0.74333     -1.493506 
   3    2    3  1   0  0 0.020 01.0  0.00004   +0.73305   +0.73388     +0.113226 
   4    4    7  1   0  0 0.020 01.0  0.00001   +0.28126   +0.28230     +0.369765 
   5    4    9  1   0  0 0.020 01.0  0.00001   +0.16101   +0.15779     -1.999876 
   6    5    2  1   0  0 0.020 01.0  0.00002   -0.40536   -0.40007     -1.305013 
   7    6   11  1   0  0 0.020 01.0  0.00001   +0.07337   +0.07601     +3.598201 
   8    6   12  1   0  0 0.020 01.0  0.00001   +0.07850   +0.07841     -0.114650 
   9    6   13  1   0  0 0.020 01.0  0.00001   +0.17927   +0.18023     +0.535505 
  10    7    8  1   0  0 0.020 01.0  0.00000   +0.00000   +0.00030     +0.000000 
  11    8    7  1   0  0 0.020 01.0  0.00000   +0.00000   -0.00032     +0.000000 
  12    9   10  1   0  0 0.020 01.0  0.00000   +0.05275   +0.05426     +2.862559 
  13    9   14  1   0  0 0.020 01.0  0.00001   +0.09340   +0.09201     -1.488223 
  14   12   13  1   0  0 0.020 01.0  0.00000   +0.01662   +0.02064    +24.187726 
  15    0    3  2   0  0 0.020 01.0  0.00006   -0.94406   -0.94516     +0.116518 
  16    0    6  2   0  0 0.020 01.0  0.00001   -0.11019   -0.10990     -0.263182 
  17    0    9  2   0  0 0.020 01.0  0.00001   -0.29595   -0.29200     -1.334685 
  18    0   10  2   0  0 0.020 01.0  0.00001   -0.09091   -0.09077     -0.153998 
  19    0   13  2   0  0 0.020 01.0  0.00001   -0.13855   -0.13880     +0.180440 
  20    0    1  6   0  0 0.015 01.1  0.00003   +1.06000   +1.05559     -0.416038 
  21    1    2  4   0  0 0.020 01.0  0.00001   -0.20386   -0.20295     -0.446385 
  22    1    5  4   0  0 0.020 01.0  0.00000   +0.03634   +0.03370     -7.264722 
  23    2    3  4   0  0 0.020 01.0  0.00000   +0.03554   +0.03694     +3.939223 
  24    4    7  4   0  0 0.020 01.0  0.00001   -0.09754   -0.09367     -3.967603 
  25    4    9  4   0  0 0.020 01.0  0.00000   -0.00375   -0.00497    +32.533333 
  26    5    2  4   0  0 0.020 01.0  0.00000   -0.01848   -0.01689     -8.603896 
  27    6   11  4   0  0 0.020 01.0  0.00000   +0.03518   +0.03765     +7.021035 
  28    6   12  4   0  0 0.020 01.0  0.00000   +0.02552   +0.02249    -11.873041 
  29    6   13  4   0  0 0.020 01.0  0.00001   +0.07440   +0.07119     -4.314516 
  30    7    8  4   0  0 0.020 01.0  0.00001   -0.16881   -0.16718     -0.965583 
  31    8    7  4   0  0 0.020 01.0  0.00001   +0.17326   +0.17211     -0.663742 
  32    9   10  4   0  0 0.020 01.0  0.00000   +0.04268   +0.04407     +3.256795 
  33    9   14  4   0  0 0.020 01.0  0.00000   +0.03494   +0.03654     +4.579279 
  34   12   13  4   0  0 0.020 01.0  0.00000   +0.00803   +0.00930    +15.815691 
  35    0    3  5   0  0 0.020 01.0  0.00001   +0.05965   +0.06160     +3.269070 
  36    0    6  5   0  0 0.020 01.0  0.00000   +0.05243   +0.05382     +2.651154 
  37    0    9  5   0  0 0.020 01.0  0.00001   -0.17115   -0.17388     +1.595092 
  38    0   10  5   0  0 0.020 01.0  0.00001   -0.05872   -0.06127     +4.342643 
  39    0   13  5   0  0 0.020 01.0  0.00001   -0.06255   -0.06259     +0.063949 
----------------------------------------------------------------------------------
Número de medidores SCADA:     39
Número de PMUs:                0
Número de medidas das PMUs:    0
----------------------------------------------------------------------------------

Matriz de pesos formada com as covariâncias das telemedidas.
Não há medidas de ângulo.
Não há medidores desabilitados.
============= Estado Ref =============== Estado Est ================ TVE =========
Barra     Mod(pu)    Ang(graus)      Mod(pu)   Ang(graus)            (%)         
----------------------------------------------------------------------------------
   1       1.0600         0.00        1.0545         0.00          0.5151 
   2       1.0450        -4.98        1.0396        -5.00          0.5177 
   3       1.0100       -12.73        1.0044       -12.85          0.5871 
   4       1.0180       -10.31        1.0126       -10.38          0.5403 
   5       1.0200        -8.77        1.0151        -8.77          0.4768 
   6       1.0700       -14.22        1.0650       -14.30          0.4886 
   7       1.0620       -13.36        1.0563       -13.46          0.5687 
   8       1.0900       -13.36        1.0842       -13.46          0.5638 
   9       1.0560       -14.94        1.0499       -15.03          0.6036 
  10       1.0510       -15.10        1.0448       -15.20          0.6177 
  11       1.0570       -14.79        1.0511       -14.89          0.5860 
  12       1.0550       -15.08        1.0508       -15.16          0.4231 
  13       1.0500       -15.16        1.0449       -15.25          0.5064 
  14       1.0360       -16.03        1.0298       -16.12          0.6164 
----------------------------------------------------------------------------------
Convergiu em:    3 iteraçoes com TVE medio de     0.5437 
----------------------------------------------------------------------------------
--- RESIDUOS NORMALIZADOS --------------------------------------------------------
   N    D    P  TP      Real     Medido   Estimado      Med-Est        rn 
----------------------------------------------------------------------------------
  33    9   14  4    +0.0349    +0.0365    +0.0351  +1.4640e-003      2.040 
  24    4    7  4    -0.0975    -0.0937    -0.0956  +1.9456e-003      2.036 
  37    0    9  5    -0.1712    -0.1739    -0.1724  -1.4867e-003      1.997 
  25    4    9  4    -0.0037    -0.0050    -0.0026  -2.3980e-003      1.572 
  29    6   13  4    +0.0744    +0.0712    +0.0739  -2.7234e-003      1.555 
  12    9   10  1    +0.0527    +0.0543    +0.0533  +1.0059e-003      1.340 
  39    0   13  5    -0.0625    -0.0626    -0.0614  -1.2050e-003      1.266 
  14   12   13  1    +0.0166    +0.0206    +0.0190  +1.6706e-003      1.261 
  23    2    3  4    +0.0355    +0.0369    +0.0361  +8.4077e-004      1.140 
  35    0    3  5    +0.0597    +0.0616    +0.0611  +4.7525e-004      1.129 
  18    0   10  2    -0.0909    -0.0908    -0.0914  +6.4832e-004      1.104 
  36    0    6  5    +0.0524    +0.0538    +0.0533  +5.6360e-004      1.070 
  17    0    9  2    -0.2959    -0.2920    -0.2912  -7.9763e-004      1.041 
  19    0   13  2    -0.1386    -0.1388    -0.1399  +1.1391e-003      0.943 
   5    4    9  1    +0.1610    +0.1578    +0.1601  -2.3102e-003      0.920 
   8    6   12  1    +0.0785    +0.0784    +0.0771  +1.3278e-003      0.851 
   4    4    7  1    +0.2813    +0.2823    +0.2812  +1.1132e-003      0.785 
   1    1    2  1    +1.5680    +1.5628    +1.5590  +3.8109e-003      0.766 
   7    6   11  1    +0.0734    +0.0760    +0.0766  -5.8718e-004      0.763 
   2    1    5  1    +0.7546    +0.7433    +0.7469  -3.6008e-003      0.649 
  32    9   10  4    +0.0427    +0.0441    +0.0435  +5.6642e-004      0.577 
   6    5    2  1    -0.4054    -0.4001    -0.3987  -1.3283e-003      0.552 
  15    0    3  2    -0.9441    -0.9452    -0.9471  +1.9070e-003      0.518 
  34   12   13  4    +0.0080    +0.0093    +0.0100  -6.8838e-004      0.516 
  13    9   14  1    +0.0934    +0.0920    +0.0924  -3.8027e-004      0.487 
  27    6   11  4    +0.0352    +0.0377    +0.0380  -3.7612e-004      0.398 
  20    0    1  6    +1.0600    +1.0556    +1.0545  +1.0504e-003      0.392 
   9    6   13  1    +0.1793    +0.1802    +0.1794  +8.5221e-004      0.368 
  22    1    5  4    +0.0363    +0.0337    +0.0342  -4.5373e-004      0.335 
  21    1    2  4    -0.2039    -0.2029    -0.2032  +2.7262e-004      0.299 
  38    0   10  5    -0.0587    -0.0613    -0.0611  -1.3280e-004      0.204 
  31    8    7  4    +0.1733    +0.1721    +0.1719  +2.4922e-004      0.125 
  30    7    8  4    -0.1688    -0.1672    -0.1674  +2.5453e-004      0.124 
  28    6   12  4    +0.0255    +0.0225    +0.0224  +1.0544e-004      0.083 
  16    0    6  2    -0.1102    -0.1099    -0.1099  -3.2392e-005      0.081 
  26    5    2  4    -0.0185    -0.0169    -0.0170  +6.4399e-005      0.067 
   3    2    3  1    +0.7330    +0.7339    +0.7341  -2.1332e-004      0.044 
  11    8    7  1    +0.0000    -0.0003    -0.0003  -1.0006e-005      0.008 
  10    7    8  1    +0.0000    +0.0003    +0.0003  -9.9940e-006      0.008 
----------------------------------------------------------------------------------
Não foram identificados erros grosseiros.
Não foram identificadas medidas críticas.
Possíveis conjuntos críticos:
Conjunto 1: 10 11
Conjunto 2: 30 31
Conjunto 3: 34 15
Conjunto 4: 7 1
Conjunto 5: 35 23
Conjunto 6: 14 39
Conjunto 7: 24 33
Medidas com alta correlação: 10 e 11 
Medidas com alta correlação: 30 e 31 
Não há medidas de ângulo.
Medidores desabilitados:
Medidor 10.
============= Estado Ref =============== Estado Est ================ TVE =========
Barra     Mod(pu)    Ang(graus)      Mod(pu)   Ang(graus)            (%)         
----------------------------------------------------------------------------------
   1       1.0600         0.00        1.0545         0.00          0.5151 
   2       1.0450        -4.98        1.0396        -5.00          0.5177 
   3       1.0100       -12.73        1.0044       -12.85          0.5871 
   4       1.0180       -10.31        1.0126       -10.38          0.5403 
   5       1.0200        -8.77        1.0151        -8.77          0.4768 
   6       1.0700       -14.22        1.0650       -14.30          0.4886 
   7       1.0620       -13.36        1.0563       -13.46          0.5687 
   8       1.0900       -13.36        1.0842       -13.46          0.5638 
   9       1.0560       -14.94        1.0499       -15.03          0.6036 
  10       1.0510       -15.10        1.0448       -15.20          0.6177 
  11       1.0570       -14.79        1.0511       -14.89          0.5860 
  12       1.0550       -15.08        1.0508       -15.16          0.4231 
  13       1.0500       -15.16        1.0449       -15.25          0.5064 
  14       1.0360       -16.03        1.0298       -16.12          0.6164 
----------------------------------------------------------------------------------
Convergiu em:    3 iteraçoes com TVE medio de     0.5437 
----------------------------------------------------------------------------------
--- RESIDUOS NORMALIZADOS --------------------------------------------------------
   N    D    P  TP      Real     Medido   Estimado      Med-Est        rn 
----------------------------------------------------------------------------------
  33    9   14  4    +0.0349    +0.0365    +0.0351  +1.4640e-003      2.040 
  24    4    7  4    -0.0975    -0.0937    -0.0956  +1.9456e-003      2.036 
  37    0    9  5    -0.1712    -0.1739    -0.1724  -1.4867e-003      1.997 
  25    4    9  4    -0.0037    -0.0050    -0.0026  -2.3980e-003      1.572 
  29    6   13  4    +0.0744    +0.0712    +0.0739  -2.7234e-003      1.555 
  12    9   10  1    +0.0527    +0.0543    +0.0533  +1.0059e-003      1.340 
  39    0   13  5    -0.0625    -0.0626    -0.0614  -1.2050e-003      1.266 
  14   12   13  1    +0.0166    +0.0206    +0.0190  +1.6706e-003      1.261 
  23    2    3  4    +0.0355    +0.0369    +0.0361  +8.4077e-004      1.140 
  35    0    3  5    +0.0597    +0.0616    +0.0611  +4.7525e-004      1.129 
  18    0   10  2    -0.0909    -0.0908    -0.0914  +6.4832e-004      1.104 
  36    0    6  5    +0.0524    +0.0538    +0.0533  +5.6360e-004      1.070 
  17    0    9  2    -0.2959    -0.2920    -0.2912  -7.9763e-004      1.041 
  19    0   13  2    -0.1386    -0.1388    -0.1399  +1.1391e-003      0.943 
   5    4    9  1    +0.1610    +0.1578    +0.1601  -2.3102e-003      0.920 
   8    6   12  1    +0.0785    +0.0784    +0.0771  +1.3278e-003      0.851 
   4    4    7  1    +0.2813    +0.2823    +0.2812  +1.1132e-003      0.785 
   1    1    2  1    +1.5680    +1.5628    +1.5590  +3.8109e-003      0.766 
   7    6   11  1    +0.0734    +0.0760    +0.0766  -5.8718e-004      0.763 
   2    1    5  1    +0.7546    +0.7433    +0.7469  -3.6008e-003      0.649 
  32    9   10  4    +0.0427    +0.0441    +0.0435  +5.6642e-004      0.577 
   6    5    2  1    -0.4054    -0.4001    -0.3987  -1.3283e-003      0.552 
  15    0    3  2    -0.9441    -0.9452    -0.9471  +1.9070e-003      0.518 
  34   12   13  4    +0.0080    +0.0093    +0.0100  -6.8838e-004      0.516 
  13    9   14  1    +0.0934    +0.0920    +0.0924  -3.8027e-004      0.487 
  27    6   11  4    +0.0352    +0.0377    +0.0380  -3.7612e-004      0.398 
  20    0    1  6    +1.0600    +1.0556    +1.0545  +1.0504e-003      0.392 
   9    6   13  1    +0.1793    +0.1802    +0.1794  +8.5221e-004      0.368 
  22    1    5  4    +0.0363    +0.0337    +0.0342  -4.5373e-004      0.335 
  21    1    2  4    -0.2039    -0.2029    -0.2032  +2.7262e-004      0.299 
  38    0   10  5    -0.0587    -0.0613    -0.0611  -1.3280e-004      0.204 
  31    8    7  4    +0.1733    +0.1721    +0.1719  +2.4922e-004      0.125 
  30    7    8  4    -0.1688    -0.1672    -0.1674  +2.5453e-004      0.124 
  28    6   12  4    +0.0255    +0.0225    +0.0224  +1.0544e-004      0.083 
  16    0    6  2    -0.1102    -0.1099    -0.1099  -3.2392e-005      0.081 
  26    5    2  4    -0.0185    -0.0169    -0.0170  +6.4399e-005      0.067 
   3    2    3  1    +0.7330    +0.7339    +0.7341  -2.1332e-004      0.044 
  11    8    7  1    +0.0000    -0.0003    -0.0003  -9.6174e-010      0.013 
----------------------------------------------------------------------------------
Não foram identificados erros grosseiros.
Medida crítica   11!
Possíveis conjuntos críticos:
Conjunto 1: 30 31
Conjunto 2: 34 15
Conjunto 3: 7 1
Conjunto 4: 35 23
Conjunto 5: 14 39
Conjunto 6: 24 33
Medidas com alta correlação: 30 e 31 
Não há medidas de ângulo.
Medidores desabilitados:
Medidor 10.
Medidor 30.
============= Estado Ref =============== Estado Est ================ TVE =========
Barra     Mod(pu)    Ang(graus)      Mod(pu)   Ang(graus)            (%)         
----------------------------------------------------------------------------------
   1       1.0600         0.00        1.0545         0.00          0.5147 
   2       1.0450        -4.98        1.0396        -5.00          0.5172 
   3       1.0100       -12.73        1.0044       -12.85          0.5866 
   4       1.0180       -10.31        1.0126       -10.38          0.5397 
   5       1.0200        -8.77        1.0151        -8.77          0.4763 
   6       1.0700       -14.22        1.0650       -14.30          0.4880 
   7       1.0620       -13.36        1.0563       -13.46          0.5682 
   8       1.0900       -13.36        1.0842       -13.46          0.5599 
   9       1.0560       -14.94        1.0499       -15.03          0.6030 
  10       1.0510       -15.10        1.0448       -15.20          0.6171 
  11       1.0570       -14.79        1.0511       -14.89          0.5854 
  12       1.0550       -15.08        1.0508       -15.16          0.4225 
  13       1.0500       -15.16        1.0449       -15.25          0.5058 
  14       1.0360       -16.03        1.0298       -16.12          0.6158 
----------------------------------------------------------------------------------
Convergiu em:    3 iteraçoes com TVE medio de     0.5429 
----------------------------------------------------------------------------------
--- RESIDUOS NORMALIZADOS --------------------------------------------------------
   N    D    P  TP      Real     Medido   Estimado      Med-Est        rn 
----------------------------------------------------------------------------------
  33    9   14  4    +0.0349    +0.0365    +0.0351  +1.4640e-003      2.040 
  24    4    7  4    -0.0975    -0.0937    -0.0956  +1.9458e-003      2.037 
  37    0    9  5    -0.1712    -0.1739    -0.1724  -1.4866e-003      1.997 
  25    4    9  4    -0.0037    -0.0050    -0.0026  -2.3976e-003      1.572 
  29    6   13  4    +0.0744    +0.0712    +0.0739  -2.7236e-003      1.555 
  12    9   10  1    +0.0527    +0.0543    +0.0533  +1.0059e-003      1.340 
  39    0   13  5    -0.0625    -0.0626    -0.0614  -1.2050e-003      1.266 
  14   12   13  1    +0.0166    +0.0206    +0.0190  +1.6705e-003      1.261 
  23    2    3  4    +0.0355    +0.0369    +0.0361  +8.4138e-004      1.141 
  35    0    3  5    +0.0597    +0.0616    +0.0611  +4.7560e-004      1.130 
  18    0   10  2    -0.0909    -0.0908    -0.0914  +6.4832e-004      1.104 
  36    0    6  5    +0.0524    +0.0538    +0.0533  +5.6379e-004      1.070 
  17    0    9  2    -0.2959    -0.2920    -0.2912  -7.9758e-004      1.041 
  19    0   13  2    -0.1386    -0.1388    -0.1399  +1.1391e-003      0.943 
   5    4    9  1    +0.1610    +0.1578    +0.1601  -2.3103e-003      0.920 
   8    6   12  1    +0.0785    +0.0784    +0.0771  +1.3279e-003      0.851 
   4    4    7  1    +0.2813    +0.2823    +0.2812  +1.1130e-003      0.784 
   1    1    2  1    +1.5680    +1.5628    +1.5590  +3.8110e-003      0.766 
   7    6   11  1    +0.0734    +0.0760    +0.0766  -5.8713e-004      0.763 
   2    1    5  1    +0.7546    +0.7433    +0.7469  -3.6011e-003      0.649 
  32    9   10  4    +0.0427    +0.0441    +0.0435  +5.6661e-004      0.577 
   6    5    2  1    -0.4054    -0.4001    -0.3987  -1.3279e-003      0.552 
  15    0    3  2    -0.9441    -0.9452    -0.9471  +1.9083e-003      0.518 
  34   12   13  4    +0.0080    +0.0093    +0.0100  -6.8838e-004      0.516 
  13    9   14  1    +0.0934    +0.0920    +0.0924  -3.8028e-004      0.487 
  27    6   11  4    +0.0352    +0.0377    +0.0380  -3.7643e-004      0.398 
  20    0    1  6    +1.0600    +1.0556    +1.0545  +1.0453e-003      0.390 
   9    6   13  1    +0.1793    +0.1802    +0.1794  +8.5226e-004      0.368 
  22    1    5  4    +0.0363    +0.0337    +0.0342  -4.5335e-004      0.335 
  21    1    2  4    -0.2039    -0.2029    -0.2032  +2.7245e-004      0.298 
  38    0   10  5    -0.0587    -0.0613    -0.0611  -1.3264e-004      0.203 
  28    6   12  4    +0.0255    +0.0225    +0.0224  +1.0531e-004      0.083 
  16    0    6  2    -0.1102    -0.1099    -0.1099  -3.2461e-005      0.081 
  26    5    2  4    -0.0185    -0.0169    -0.0170  +6.4797e-005      0.068 
   3    2    3  1    +0.7330    +0.7339    +0.7341  -2.1357e-004      0.044 
  31    8    7  4    +0.1733    +0.1721    +0.1721  +9.0602e-007      0.000 
  11    8    7  1    +0.0000    -0.0003    -0.0003  -9.8289e-009      0.000 
----------------------------------------------------------------------------------
Não foram identificados erros grosseiros.
Medida crítica   11!
Medida crítica   31!
Possíveis conjuntos críticos:
Conjunto 1: 34 15
Conjunto 2: 7 1
Conjunto 3: 35 23
Conjunto 4: 14 39
Conjunto 5: 24 33
Não há medidas de ângulo.
Medidores desabilitados:
Medidor 10.
Medidor 11.
Medidor 30.
----------------------------------------------------------------------------------
Não convergiu em  100 iteraçoes.
----------------------------------------------------------------------------------
--- RESIDUOS NORMALIZADOS --------------------------------------------------------
   N    D    P  TP      Real     Medido   Estimado      Med-Est        rn 
----------------------------------------------------------------------------------
  33    9   14  4    +0.0349    +0.0365        NaN         NaN      2.040 
  24    4    7  4    -0.0975    -0.0937        NaN         NaN      2.037 
  37    0    9  5    -0.1712    -0.1739        NaN         NaN      1.997 
  25    4    9  4    -0.0037    -0.0050        NaN         NaN      1.572 
  29    6   13  4    +0.0744    +0.0712        NaN         NaN      1.555 
  12    9   10  1    +0.0527    +0.0543        NaN         NaN      1.340 
  39    0   13  5    -0.0625    -0.0626        NaN         NaN      1.266 
  14   12   13  1    +0.0166    +0.0206        NaN         NaN      1.261 
  23    2    3  4    +0.0355    +0.0369        NaN         NaN      1.141 
  35    0    3  5    +0.0597    +0.0616        NaN         NaN      1.130 
  18    0   10  2    -0.0909    -0.0908        NaN         NaN      1.104 
  36    0    6  5    +0.0524    +0.0538        NaN         NaN      1.070 
  17    0    9  2    -0.2959    -0.2920        NaN         NaN      1.041 
  19    0   13  2    -0.1386    -0.1388        NaN         NaN      0.943 
   5    4    9  1    +0.1610    +0.1578        NaN         NaN      0.920 
   8    6   12  1    +0.0785    +0.0784        NaN         NaN      0.851 
   4    4    7  1    +0.2813    +0.2823        NaN         NaN      0.784 
   1    1    2  1    +1.5680    +1.5628        NaN         NaN      0.766 
   7    6   11  1    +0.0734    +0.0760        NaN         NaN      0.763 
   2    1    5  1    +0.7546    +0.7433        NaN         NaN      0.649 
  32    9   10  4    +0.0427    +0.0441        NaN         NaN      0.577 
   6    5    2  1    -0.4054    -0.4001        NaN         NaN      0.552 
  15    0    3  2    -0.9441    -0.9452        NaN         NaN      0.518 
  34   12   13  4    +0.0080    +0.0093        NaN         NaN      0.516 
  13    9   14  1    +0.0934    +0.0920        NaN         NaN      0.487 
  27    6   11  4    +0.0352    +0.0377        NaN         NaN      0.398 
  20    0    1  6    +1.0600    +1.0556        NaN         NaN      0.390 
   9    6   13  1    +0.1793    +0.1802        NaN         NaN      0.368 
  22    1    5  4    +0.0363    +0.0337        NaN         NaN      0.335 
  21    1    2  4    -0.2039    -0.2029        NaN         NaN      0.298 
  38    0   10  5    -0.0587    -0.0613        NaN         NaN      0.203 
  28    6   12  4    +0.0255    +0.0225        NaN         NaN      0.083 
  16    0    6  2    -0.1102    -0.1099        NaN         NaN      0.081 
  26    5    2  4    -0.0185    -0.0169        NaN         NaN      0.068 
   3    2    3  1    +0.7330    +0.7339        NaN         NaN      0.044 
  31    8    7  4    +0.1733    +0.1721        NaN         NaN      0.000 
----------------------------------------------------------------------------------
Não foram identificados erros grosseiros.
Não foram identificadas medidas críticas.
Possíveis conjuntos críticos:
Conjunto 1: 34 15
Conjunto 2: 7 1
Conjunto 3: 35 23
Conjunto 4: 14 39
Conjunto 5: 24 33
