================================================================================= 
=== UFF - Doutorado em Computação - Aplicaçoes em Sistemas de Potencia        === 
=== ESTIMADOR DE ESTADO MÍNIMOS QUADRADOS PONDERADOS INCLUINDO MEDIDAS DE PMU === 
=== Desenvolvido por: Rui Menezes de Moraes - 2009                            === 
================================================================================= 
Arquivo de medidores:          .\med\CS1_38M_PMU2679VI_P8-7.med
Arquivo do sistema:            .\sist\ieee14.cdf
Tolerância entre iteraçoes:    1.00e-005
Limite de iteraçoes:           10

--- DADOS DA REDE --------------------------------------------------------------- 
Data do caso:                  08/19/93
Origem:                        UW ARCHIVE          
MVA base:                      100
Ano:                           1962
Estação:                       W
Identificação:                 IEEE 14 Bus Test Case
Número de barras:              14 
Número de ramos:               20 
Referência na barra:           1

--- TELEMEDIDAS ------------------------------------------------------------------
    Tipo 1 = Fluxo de potencia ativa        Tipo  6 = Módulo da tensão            
    Tipo 2 = Injeção de potencia ativa      Tipo  7 = Corrente de ramo (real)     
    Tipo 3 = Ângulo de fase da tensão       Tipo  8 = Corrente de ramo (imag)     
    Tipo 4 = Fluxo de potencia reativa      Tipo  9 = Injeção de corrente (real)  
    Tipo 5 = Injeção de potencia reativa    Tipo 10 = Injeção de corrente (imag)  
----------------------------------------------------------------------------------
   N    D    P TP  PN ST   Exa   FS       DP      V_Ref      V_Med          E(%) 
----------------------------------------------------------------------------------
   1    1    2  1   0  0 0.020 01.0  0.00015   +1.56805   +1.56277     -0.336724 
   2    1    5  1   0  0 0.020 01.0  0.00005   +0.75460   +0.74333     -1.493506 
   3    2    3  1   0  0 0.020 01.0  0.00004   +0.73305   +0.73388     +0.113226 
   4    4    7  1   0  0 0.020 01.0  0.00001   +0.28126   +0.28230     +0.369765 
   5    4    9  1   0  0 0.020 01.0  0.00001   +0.16101   +0.15779     -1.999876 
   6    5    2  1   0  0 0.020 01.0  0.00002   -0.40536   -0.40007     -1.305013 
   7    6   11  1   0  0 0.020 01.0  0.00001   +0.07337   +0.07601     +3.598201 
   8    6   12  1   0  0 0.020 01.0  0.00001   +0.07850   +0.07841     -0.114650 
   9    6   13  1   0  0 0.020 01.0  0.00001   +0.17927   +0.18023     +0.535505 
  10    7    8  1   0  0 0.020 01.0  0.00000   +0.00000   +0.00030     +0.000000 
  11    8    7  1   0  0 0.020 01.0  0.00000   +0.00000   -0.02080   +100.000000 
  12    9   10  1   0  0 0.020 01.0  0.00000   +0.05275   +0.05426     +2.862559 
  13    9   14  1   0  0 0.020 01.0  0.00001   +0.09340   +0.09201     -1.488223 
  14   12   13  1   0  0 0.020 01.0  0.00000   +0.01662   +0.02064    +24.187726 
  15    0    3  2   0  0 0.020 01.0  0.00006   -0.94406   -0.94516     +0.116518 
  16    0    6  2   0  0 0.020 01.0  0.00001   -0.11019   -0.10990     -0.263182 
  17    0    9  2   0  0 0.020 01.0  0.00001   -0.29595   -0.29200     -1.334685 
  18    0   10  2   0  0 0.020 01.0  0.00001   -0.09091   -0.09077     -0.153998 
  19    0   13  2   0  0 0.020 01.0  0.00001   -0.13855   -0.13880     +0.180440 
  20    0    1  6   0  0 0.015 01.1  0.00003   +1.06000   +1.05559     -0.416038 
  21    1    2  4   0  0 0.020 01.0  0.00001   -0.20386   -0.20295     -0.446385 
  22    1    5  4   0  0 0.020 01.0  0.00000   +0.03634   +0.03370     -7.264722 
  23    2    3  4   0  0 0.020 01.0  0.00000   +0.03554   +0.03694     +3.939223 
  24    4    7  4   0  0 0.020 01.0  0.00001   -0.09754   -0.09367     -3.967603 
  25    4    9  4   0  0 0.020 01.0  0.00000   -0.00375   -0.00497    +32.533333 
  26    5    2  4   0  0 0.020 01.0  0.00000   -0.01848   -0.01689     -8.603896 
  27    6   11  4   0  0 0.020 01.0  0.00000   +0.03518   +0.03765     +7.021035 
  28    6   12  4   0  0 0.020 01.0  0.00000   +0.02552   +0.02249    -11.873041 
  29    6   13  4   0  0 0.020 01.0  0.00001   +0.07440   +0.07119     -4.314516 
  30    7    8  4   0  0 0.020 01.0  0.00001   -0.16881   -0.16718     -0.965583 
  31    8    7  4   0  0 0.020 01.0  0.00001   +0.17326   +0.20792    +20.004617 
  32    9   10  4   0  0 0.020 01.0  0.00000   +0.04268   +0.04407     +3.256795 
  33    9   14  4   0  0 0.020 01.0  0.00000   +0.03494   +0.03654     +4.579279 
  34   12   13  4   0  0 0.020 01.0  0.00000   +0.00803   +0.00930    +15.815691 
  35    0    3  5   0  0 0.020 01.0  0.00001   +0.05965   +0.06160     +3.269070 
  36    0    6  5   0  0 0.020 01.0  0.00000   +0.05243   +0.05382     +2.651154 
  37    0    9  5   0  0 0.020 01.0  0.00001   -0.17115   -0.17388     +1.595092 
  38    0   10  5   0  0 0.020 01.0  0.00001   -0.05872   -0.06127     +4.342643 
  39    0   13  5   0  0 0.020 01.0  0.00001   -0.06255   -0.06259     +0.063949 
  40    0    2  3   2  0 0.020 01.0  0.00000   -0.08692   -0.08694     +0.023010 
  41    0    2  6   2  0 0.010 01.0  0.00000   +1.04500   +1.04304     -0.187560 
  42    0    6  3   6  0 0.020 01.0  0.00000   -0.24819   -0.24828     +0.036263 
  43    0    6  6   6  0 0.010 01.0  0.00000   +1.07000   +1.07030     +0.028037 
  44    0    7  3   7  0 0.020 01.0  0.00000   -0.23318   -0.23314     -0.017154 
  45    0    7  6   7  0 0.010 01.0  0.00000   +1.06200   +1.05554     -0.608286 
  46    0    9  3   9  0 0.020 01.0  0.00000   -0.26075   -0.26067     -0.030681 
  47    0    9  6   9  0 0.010 01.0  0.00000   +1.05600   +1.05004     -0.564394 
  48    2    3  7   2  0 0.010 01.0  0.00001   +0.69588   +0.69402     -0.267287 
  49    2    4  7   2  0 0.010 01.0  0.00000   +0.53613   +0.53707     +0.175331 
  50    2    5  7   2  0 0.010 01.0  0.00000   +0.39426   +0.39455     +0.073556 
  51    2    1  7   2  0 0.010 01.0  0.00002   -1.47689   -1.46993     -0.471261 
  52    2    1  8   2  0 0.010 01.0  0.00000   -0.13685   -0.13727     +0.306905 
  53    2    5  8   2  0 0.010 01.0  0.00000   -0.04305   -0.04340     +0.813008 
  54    2    4  8   2  0 0.025 01.0  0.00000   -0.03010   -0.02990     -0.664452 
  55    2    3  8   2  0 0.010 01.0  0.00000   -0.09477   -0.09419     -0.612008 
  56    6   12  7   6  0 0.010 01.0  0.00000   +0.06525   +0.06551     +0.398467 
  57    6   13  7   6  0 0.010 01.0  0.00000   +0.14532   +0.14478     -0.371594 
  58    6   11  7   6  0 0.010 01.0  0.00000   +0.05839   +0.05835     -0.068505 
  59    6    5  7   6  0 0.010 01.0  0.00000   -0.38082   -0.38228     +0.383383 
  60    6   12  8   6  0 0.010 01.0  0.00000   -0.04114   -0.04107     -0.170151 
  61    6   13  8   6  0 0.010 01.0  0.00000   -0.10855   -0.10896     +0.377706 
  62    6    5  8   6  0 0.010 01.0  0.00000   +0.17621   +0.17659     +0.215652 
  63    6   11  8   6  0 0.010 01.0  0.00000   -0.04871   -0.04881     +0.205297 
  64    7    4  7   7  0 0.010 01.0  0.00000   -0.28262   -0.28467     +0.725356 
  65    7    9  7   7  0 0.010 01.0  0.00000   +0.24404   +0.24572     +0.688412 
  66    7    8  7   7  0 0.010 01.0  0.00000   +0.03675   +0.03649     -0.707483 
  67    7    8  8   7  0 0.010 01.0  0.00000   +0.15464   +0.15410     -0.349198 
  68    7    9  8   7  0 0.010 01.0  0.00000   -0.11781   -0.11819     +0.322553 
  69    7    4  8   7  0 0.010 01.0  0.00000   -0.04378   -0.04339     -0.890818 
  70    9   14  7   9  0 0.010 01.0  0.00000   +0.07692   +0.07718     +0.338014 
  71    9    4  7   9  0 0.010 01.0  0.00000   -0.15142   -0.15183     +0.270770 
  72    9    7  7   9  0 0.010 01.0  0.00000   -0.24406   -0.24351     -0.225354 
  73    9   10  7   9  0 0.010 01.0  0.00000   +0.03784   +0.03754     -0.792812 
  74    9    7  8   9  0 0.010 01.0  0.00000   +0.11777   +0.11788     +0.093402 
  75    9   10  8   9  0 0.010 01.0  0.00000   -0.05192   -0.05172     -0.385208 
  76    9   14  8   9  0 0.010 01.0  0.00000   -0.05477   -0.05482     +0.091291 
  77    9    4  8   9  0 0.010 01.0  0.00000   +0.02391   +0.02393     +0.083647 
----------------------------------------------------------------------------------
Número de medidores SCADA:     39
Número de PMUs:                9
Número de medidas das PMUs:    38
----------------------------------------------------------------------------------

Matriz de pesos formada com as covariâncias das telemedidas.
Medidas de ângulo: 
Barra: 2
Barra: 6
Barra: 7
Barra: 9
Não há medidores desabilitados.
============= Estado Ref =============== Estado Est ================ TVE =========
Barra     Mod(pu)    Ang(graus)      Mod(pu)   Ang(graus)            (%)         
----------------------------------------------------------------------------------
   1       1.0600         0.00        1.0593        -0.02          0.0745 
   2       1.0450        -4.98        1.0445        -4.98          0.0503 
   3       1.0100       -12.73        1.0096       -12.72          0.0416 
   4       1.0180       -10.31        1.0175       -10.29          0.0527 
   5       1.0200        -8.77        1.0194        -8.76          0.0569 
   6       1.0700       -14.22        1.0695       -14.23          0.0523 
   7       1.0620       -13.36        1.0615       -13.36          0.0485 
   8       1.0900       -13.36        1.0895       -13.36          0.0477 
   9       1.0560       -14.94        1.0555       -14.94          0.0486 
  10       1.0510       -15.10        1.0505       -15.10          0.0473 
  11       1.0570       -14.79        1.0564       -14.80          0.0547 
  12       1.0550       -15.08        1.0545       -15.09          0.0536 
  13       1.0500       -15.16        1.0494       -15.17          0.0563 
  14       1.0360       -16.03        1.0355       -16.03          0.0526 
----------------------------------------------------------------------------------
Convergiu em:    3 iteraçoes com TVE medio de     0.0527 
----------------------------------------------------------------------------------
--- RESIDUOS NORMALIZADOS --------------------------------------------------------
   N    D    P  TP      Real     Medido   Estimado      Med-Est        rn 
----------------------------------------------------------------------------------
  31    8    7  4    +0.1733    +0.2079    +0.1732  +3.4750e-002     11.325 
  11    8    7  1    +0.0000    -0.0208    +0.0001  -2.0932e-002     11.231 
  66    7    8  7    +0.0367    +0.0365    +0.0366  -1.0710e-004      8.885 
  67    7    8  8    +0.1546    +0.1541    +0.1547  -5.7629e-004      4.219 
  65    7    9  7    +0.2440    +0.2457    +0.2442  +1.4914e-003      2.377 
  14   12   13  1    +0.0166    +0.0206    +0.0165  +4.1561e-003      2.247 
  53    2    5  8    -0.0430    -0.0434    -0.0434  -3.7333e-005      2.172 
  77    9    4  8    +0.0239    +0.0239    +0.0240  -1.0988e-004      1.930 
  64    7    4  7    -0.2826    -0.2847    -0.2835  -1.1870e-003      1.852 
  40    0    2  3    -0.0869    -0.0869    -0.0869  -7.2102e-005      1.788 
  54    2    4  8    -0.0301    -0.0299    -0.0300  +6.4238e-005      1.784 
  45    0    7  6    +1.0620    +1.0555    +1.0615  -5.9484e-003      1.772 
  49    2    4  7    +0.5361    +0.5371    +0.5346  +2.4350e-003      1.722 
  29    6   13  4    +0.0744    +0.0712    +0.0748  -3.5958e-003      1.652 
  47    0    9  6    +1.0560    +1.0500    +1.0555  -5.4480e-003      1.633 
  62    6    5  8    +0.1762    +0.1766    +0.1762  +4.0422e-004      1.624 
  69    7    4  8    -0.0438    -0.0434    -0.0435  +1.1266e-004      1.592 
  24    4    7  4    -0.0975    -0.0937    -0.0972  +3.5719e-003      1.521 
  28    6   12  4    +0.0255    +0.0225    +0.0253  -2.8469e-003      1.517 
  60    6   12  8    -0.0411    -0.0411    -0.0410  -2.7075e-005      1.448 
  38    0   10  5    -0.0587    -0.0613    -0.0586  -2.6227e-003      1.339 
  57    6   13  7    +0.1453    +0.1448    +0.1451  -2.7159e-004      1.327 
  75    9   10  8    -0.0519    -0.0517    -0.0518  +3.4455e-005      1.301 
   5    4    9  1    +0.1610    +0.1578    +0.1613  -3.5489e-003      1.284 
  17    0    9  2    -0.2959    -0.2920    -0.2965  +4.4604e-003      1.243 
  50    2    5  7    +0.3943    +0.3946    +0.3935  +1.0141e-003      1.237 
  68    7    9  8    -0.1178    -0.1182    -0.1178  -3.8322e-004      1.231 
   2    1    5  1    +0.7546    +0.7433    +0.7512  -7.8659e-003      1.219 
  27    6   11  4    +0.0352    +0.0377    +0.0353  +2.3830e-003      1.206 
   7    6   11  1    +0.0734    +0.0760    +0.0733  +2.6725e-003      1.199 
  22    1    5  4    +0.0363    +0.0337    +0.0360  -2.2802e-003      1.183 
  72    9    7  7    -0.2441    -0.2435    -0.2442  +7.1864e-004      1.163 
  26    5    2  4    -0.0185    -0.0169    -0.0189  +2.0521e-003      1.123 
   6    5    2  1    -0.4054    -0.4001    -0.4045  +4.3844e-003      1.036 
  23    2    3  4    +0.0355    +0.0369    +0.0350  +1.9235e-003      0.985 
  73    9   10  7    +0.0378    +0.0375    +0.0376  -1.2954e-005      0.979 
  37    0    9  5    -0.1712    -0.1739    -0.1711  -2.7809e-003      0.979 
  12    9   10  1    +0.0527    +0.0543    +0.0524  +1.8813e-003      0.900 
  33    9   14  4    +0.0349    +0.0365    +0.0349  +1.6238e-003      0.826 
  25    4    9  4    -0.0037    -0.0050    -0.0036  -1.3226e-003      0.749 
  32    9   10  4    +0.0427    +0.0441    +0.0426  +1.5075e-003      0.747 
  48    2    3  7    +0.6959    +0.6940    +0.6952  -1.2177e-003      0.722 
  20    0    1  6    +1.0600    +1.0556    +1.0593  -3.7133e-003      0.717 
  56    6   12  7    +0.0653    +0.0655    +0.0655  +3.0296e-005      0.713 
  13    9   14  1    +0.0934    +0.0920    +0.0936  -1.6114e-003      0.692 
  42    0    6  3    -0.2482    -0.2483    -0.2483  +3.0148e-005      0.685 
  46    0    9  3    -0.2607    -0.2607    -0.2607  +5.3774e-005      0.680 
  35    0    3  5    +0.0597    +0.0616    +0.0606  +9.9978e-004      0.600 
  58    6   11  7    +0.0584    +0.0583    +0.0584  -1.6805e-005      0.582 
  21    1    2  4    -0.2039    -0.2029    -0.2047  +1.7291e-003      0.577 
  18    0   10  2    -0.0909    -0.0908    -0.0895  -1.2368e-003      0.562 
  16    0    6  2    -0.1102    -0.1099    -0.1111  +1.2334e-003      0.554 
  30    7    8  4    -0.1688    -0.1672    -0.1687  +1.5402e-003      0.551 
  51    2    1  7    -1.4769    -1.4699    -1.4688  -1.1001e-003      0.480 
  59    6    5  7    -0.3808    -0.3823    -0.3818  -4.4961e-004      0.476 
  34   12   13  4    +0.0080    +0.0093    +0.0085  +8.2530e-004      0.464 
  41    0    2  6    +1.0450    +1.0430    +1.0445  -1.4368e-003      0.433 
   9    6   13  1    +0.1793    +0.1802    +0.1790  +1.2338e-003      0.427 
  39    0   13  5    -0.0625    -0.0626    -0.0634  +8.3645e-004      0.420 
   1    1    2  1    +1.5680    +1.5628    +1.5584  +4.3610e-003      0.392 
  63    6   11  8    -0.0487    -0.0488    -0.0488  +8.4965e-006      0.367 
  36    0    6  5    +0.0524    +0.0538    +0.0531  +7.1525e-004      0.365 
  76    9   14  8    -0.0548    -0.0548    -0.0548  +7.5988e-006      0.316 
   3    2    3  1    +0.7330    +0.7339    +0.7320  +1.9225e-003      0.302 
  61    6   13  8    -0.1085    -0.1090    -0.1089  -4.1792e-005      0.300 
  44    0    7  3    -0.2332    -0.2331    -0.2331  -2.2835e-005      0.281 
  10    7    8  1    +0.0000    +0.0003    -0.0001  +4.3249e-004      0.250 
  43    0    6  6    +1.0700    +1.0703    +1.0695  +8.4337e-004      0.249 
  74    9    7  8    +0.1178    +0.1179    +0.1178  +7.3221e-005      0.236 
  15    0    3  2    -0.9441    -0.9452    -0.9435  -1.6334e-003      0.222 
  19    0   13  2    -0.1386    -0.1388    -0.1383  -4.5865e-004      0.184 
  70    9   14  7    +0.0769    +0.0772    +0.0772  +5.5828e-006      0.140 
   8    6   12  1    +0.0785    +0.0784    +0.0787  -2.5747e-004      0.115 
  55    2    3  8    -0.0948    -0.0942    -0.0942  +8.4866e-006      0.098 
  71    9    4  7    -0.1514    -0.1518    -0.1518  -3.9915e-005      0.093 
   4    4    7  1    +0.2813    +0.2823    +0.2821  +1.9307e-004      0.055 
  52    2    1  8    -0.1369    -0.1373    -0.1373  -2.7758e-006      0.039 
----------------------------------------------------------------------------------
Possível erro grosseiro no medidor 31!
Não foram identificadas medidas críticas.
Possíveis conjuntos críticos:
Conjunto 1: 43 10
Conjunto 2: 61 3
Conjunto 3: 36 63
Conjunto 4: 59 51
Conjunto 5: 30 16
Conjunto 6: 21 58
Conjunto 7: 46 42
Conjunto 8: 42 13
Conjunto 9: 56 20
Conjunto 10: 20 48
Conjunto 11: 32 25
Conjunto 12: 37 73 23
Conjunto 13: 73 23
Conjunto 14: 7 27
Conjunto 15: 2 68
Conjunto 16: 68 50 17
Conjunto 17: 50 17
Conjunto 18: 57 38
Conjunto 19: 28 24
Conjunto 20: 62 47
Conjunto 21: 45 54 40
Conjunto 22: 54 40
Conjunto 23: 11 31
Medidas de ângulo: 
Barra: 2
Barra: 6
Barra: 7
Barra: 9
Medidores desabilitados:
Medidor 10.
============= Estado Ref =============== Estado Est ================ TVE =========
Barra     Mod(pu)    Ang(graus)      Mod(pu)   Ang(graus)            (%)         
----------------------------------------------------------------------------------
   1       1.0600         0.00        1.0593        -0.02          0.0745 
   2       1.0450        -4.98        1.0445        -4.98          0.0503 
   3       1.0100       -12.73        1.0096       -12.72          0.0416 
   4       1.0180       -10.31        1.0175       -10.29          0.0527 
   5       1.0200        -8.77        1.0194        -8.76          0.0569 
   6       1.0700       -14.22        1.0695       -14.23          0.0523 
   7       1.0620       -13.36        1.0615       -13.36          0.0485 
   8       1.0900       -13.36        1.0895       -13.36          0.0476 
   9       1.0560       -14.94        1.0555       -14.94          0.0486 
  10       1.0510       -15.10        1.0505       -15.10          0.0473 
  11       1.0570       -14.79        1.0564       -14.80          0.0547 
  12       1.0550       -15.08        1.0545       -15.09          0.0536 
  13       1.0500       -15.16        1.0494       -15.17          0.0563 
  14       1.0360       -16.03        1.0355       -16.03          0.0526 
----------------------------------------------------------------------------------
Convergiu em:    3 iteraçoes com TVE medio de     0.0527 
----------------------------------------------------------------------------------
--- RESIDUOS NORMALIZADOS --------------------------------------------------------
   N    D    P  TP      Real     Medido   Estimado      Med-Est        rn 
----------------------------------------------------------------------------------
  66    7    8  7    +0.0367    +0.0365    +0.0366  -1.0489e-004     12.593 
  31    8    7  4    +0.1733    +0.2079    +0.1732  +3.4741e-002     11.322 
  11    8    7  1    +0.0000    -0.0208    +0.0001  -2.0937e-002     11.234 
  67    7    8  8    +0.1546    +0.1541    +0.1547  -5.8500e-004      4.427 
  65    7    9  7    +0.2440    +0.2457    +0.2442  +1.4917e-003      2.378 
  14   12   13  1    +0.0166    +0.0206    +0.0165  +4.1561e-003      2.247 
  53    2    5  8    -0.0430    -0.0434    -0.0434  -3.7335e-005      2.172 
  77    9    4  8    +0.0239    +0.0239    +0.0240  -1.0988e-004      1.930 
  64    7    4  7    -0.2826    -0.2847    -0.2835  -1.1868e-003      1.852 
  40    0    2  3    -0.0869    -0.0869    -0.0869  -7.2087e-005      1.787 
  54    2    4  8    -0.0301    -0.0299    -0.0300  +6.4236e-005      1.784 
  45    0    7  6    +1.0620    +1.0555    +1.0615  -5.9484e-003      1.772 
  49    2    4  7    +0.5361    +0.5371    +0.5346  +2.4344e-003      1.722 
  29    6   13  4    +0.0744    +0.0712    +0.0748  -3.5958e-003      1.652 
  47    0    9  6    +1.0560    +1.0500    +1.0555  -5.4479e-003      1.633 
  62    6    5  8    +0.1762    +0.1766    +0.1762  +4.0423e-004      1.624 
  69    7    4  8    -0.0438    -0.0434    -0.0435  +1.1266e-004      1.592 
  24    4    7  4    -0.0975    -0.0937    -0.0972  +3.5720e-003      1.521 
  28    6   12  4    +0.0255    +0.0225    +0.0253  -2.8469e-003      1.517 
  60    6   12  8    -0.0411    -0.0411    -0.0410  -2.7077e-005      1.448 
  38    0   10  5    -0.0587    -0.0613    -0.0586  -2.6230e-003      1.339 
  57    6   13  7    +0.1453    +0.1448    +0.1451  -2.7164e-004      1.327 
  75    9   10  8    -0.0519    -0.0517    -0.0518  +3.4455e-005      1.301 
   5    4    9  1    +0.1610    +0.1578    +0.1613  -3.5489e-003      1.284 
  17    0    9  2    -0.2959    -0.2920    -0.2965  +4.4601e-003      1.243 
  50    2    5  7    +0.3943    +0.3946    +0.3935  +1.0142e-003      1.237 
  68    7    9  8    -0.1178    -0.1182    -0.1178  -3.8323e-004      1.231 
   2    1    5  1    +0.7546    +0.7433    +0.7512  -7.8658e-003      1.219 
  27    6   11  4    +0.0352    +0.0377    +0.0353  +2.3830e-003      1.206 
   7    6   11  1    +0.0734    +0.0760    +0.0733  +2.6724e-003      1.199 
  22    1    5  4    +0.0363    +0.0337    +0.0360  -2.2802e-003      1.183 
  72    9    7  7    -0.2441    -0.2435    -0.2442  +7.1830e-004      1.163 
  26    5    2  4    -0.0185    -0.0169    -0.0189  +2.0521e-003      1.123 
   6    5    2  1    -0.4054    -0.4001    -0.4045  +4.3844e-003      1.036 
  23    2    3  4    +0.0355    +0.0369    +0.0350  +1.9235e-003      0.985 
  73    9   10  7    +0.0378    +0.0375    +0.0376  -1.2960e-005      0.980 
  37    0    9  5    -0.1712    -0.1739    -0.1711  -2.7809e-003      0.979 
  12    9   10  1    +0.0527    +0.0543    +0.0524  +1.8813e-003      0.900 
  33    9   14  4    +0.0349    +0.0365    +0.0349  +1.6238e-003      0.826 
  25    4    9  4    -0.0037    -0.0050    -0.0036  -1.3226e-003      0.749 
  32    9   10  4    +0.0427    +0.0441    +0.0426  +1.5075e-003      0.747 
  48    2    3  7    +0.6959    +0.6940    +0.6952  -1.2178e-003      0.722 
  20    0    1  6    +1.0600    +1.0556    +1.0593  -3.7132e-003      0.717 
  56    6   12  7    +0.0653    +0.0655    +0.0655  +3.0290e-005      0.713 
  13    9   14  1    +0.0934    +0.0920    +0.0936  -1.6114e-003      0.692 
  42    0    6  3    -0.2482    -0.2483    -0.2483  +3.0160e-005      0.685 
  46    0    9  3    -0.2607    -0.2607    -0.2607  +5.3908e-005      0.682 
  35    0    3  5    +0.0597    +0.0616    +0.0606  +9.9981e-004      0.600 
  58    6   11  7    +0.0584    +0.0583    +0.0584  -1.6819e-005      0.582 
  21    1    2  4    -0.2039    -0.2029    -0.2047  +1.7291e-003      0.577 
  18    0   10  2    -0.0909    -0.0908    -0.0895  -1.2362e-003      0.562 
  16    0    6  2    -0.1102    -0.1099    -0.1111  +1.2333e-003      0.554 
  30    7    8  4    -0.1688    -0.1672    -0.1687  +1.5486e-003      0.554 
  51    2    1  7    -1.4769    -1.4699    -1.4688  -1.1000e-003      0.480 
  59    6    5  7    -0.3808    -0.3823    -0.3818  -4.4963e-004      0.476 
  34   12   13  4    +0.0080    +0.0093    +0.0085  +8.2531e-004      0.464 
  41    0    2  6    +1.0450    +1.0430    +1.0445  -1.4367e-003      0.433 
   9    6   13  1    +0.1793    +0.1802    +0.1790  +1.2338e-003      0.427 
  39    0   13  5    -0.0625    -0.0626    -0.0634  +8.3655e-004      0.420 
   1    1    2  1    +1.5680    +1.5628    +1.5584  +4.3610e-003      0.392 
  63    6   11  8    -0.0487    -0.0488    -0.0488  +8.4939e-006      0.367 
  36    0    6  5    +0.0524    +0.0538    +0.0531  +7.1527e-004      0.365 
  76    9   14  8    -0.0548    -0.0548    -0.0548  +7.5963e-006      0.316 
   3    2    3  1    +0.7330    +0.7339    +0.7320  +1.9223e-003      0.302 
  61    6   13  8    -0.1085    -0.1090    -0.1089  -4.1800e-005      0.300 
  44    0    7  3    -0.2332    -0.2331    -0.2331  -2.2668e-005      0.279 
  43    0    6  6    +1.0700    +1.0703    +1.0695  +8.4340e-004      0.249 
  74    9    7  8    +0.1178    +0.1179    +0.1178  +7.3235e-005      0.236 
  15    0    3  2    -0.9441    -0.9452    -0.9435  -1.6337e-003      0.223 
  19    0   13  2    -0.1386    -0.1388    -0.1383  -4.5890e-004      0.184 
  70    9   14  7    +0.0769    +0.0772    +0.0772  +5.5740e-006      0.139 
   8    6   12  1    +0.0785    +0.0784    +0.0787  -2.5747e-004      0.115 
  55    2    3  8    -0.0948    -0.0942    -0.0942  +8.4818e-006      0.098 
  71    9    4  7    -0.1514    -0.1518    -0.1518  -3.9917e-005      0.093 
   4    4    7  1    +0.2813    +0.2823    +0.2821  +1.9291e-004      0.055 
  52    2    1  8    -0.1369    -0.1373    -0.1373  -2.7713e-006      0.038 
----------------------------------------------------------------------------------
Possível erro grosseiro no medidor 66!
Não foram identificadas medidas críticas.
Possíveis conjuntos críticos:
Conjunto 1: 61 3
Conjunto 2: 36 63
Conjunto 3: 59 51
Conjunto 4: 30 16
Conjunto 5: 21 58
Conjunto 6: 46 42
Conjunto 7: 42 13
Conjunto 8: 56 20
Conjunto 9: 20 48
Conjunto 10: 32 25
Conjunto 11: 37 73 23
Conjunto 12: 73 23
Conjunto 13: 7 27
Conjunto 14: 2 68
Conjunto 15: 68 50 17
Conjunto 16: 50 17
Conjunto 17: 57 38
Conjunto 18: 28 24
Conjunto 19: 62 47
Conjunto 20: 45 54 40
Conjunto 21: 54 40
Conjunto 22: 11 31
Medidas de ângulo: 
Barra: 2
Barra: 6
Barra: 7
Barra: 9
Medidores desabilitados:
Medidor 10.
Medidor 30.
============= Estado Ref =============== Estado Est ================ TVE =========
Barra     Mod(pu)    Ang(graus)      Mod(pu)   Ang(graus)            (%)         
----------------------------------------------------------------------------------
   1       1.0600         0.00        1.0593        -0.02          0.0721 
   2       1.0450        -4.98        1.0445        -4.98          0.0472 
   3       1.0100       -12.73        1.0096       -12.72          0.0386 
   4       1.0180       -10.31        1.0176       -10.29          0.0500 
   5       1.0200        -8.77        1.0195        -8.76          0.0539 
   6       1.0700       -14.22        1.0695       -14.23          0.0492 
   7       1.0620       -13.36        1.0615       -13.36          0.0455 
   8       1.0900       -13.36        1.0895       -13.36          0.0439 
   9       1.0560       -14.94        1.0555       -14.94          0.0455 
  10       1.0510       -15.10        1.0505       -15.10          0.0442 
  11       1.0570       -14.79        1.0565       -14.80          0.0515 
  12       1.0550       -15.08        1.0545       -15.09          0.0505 
  13       1.0500       -15.16        1.0495       -15.16          0.0531 
  14       1.0360       -16.03        1.0355       -16.03          0.0494 
----------------------------------------------------------------------------------
Convergiu em:    3 iteraçoes com TVE medio de     0.0496 
----------------------------------------------------------------------------------
--- RESIDUOS NORMALIZADOS --------------------------------------------------------
   N    D    P  TP      Real     Medido   Estimado      Med-Est        rn 
----------------------------------------------------------------------------------
  66    7    8  7    +0.0367    +0.0365    +0.0366  -1.0563e-004     12.838 
  31    8    7  4    +0.1733    +0.2079    +0.1732  +3.4681e-002     11.310 
  11    8    7  1    +0.0000    -0.0208    +0.0001  -2.0948e-002     11.240 
  67    7    8  8    +0.1546    +0.1541    +0.1547  -6.3505e-004      6.590 
  65    7    9  7    +0.2440    +0.2457    +0.2442  +1.4908e-003      2.376 
  14   12   13  1    +0.0166    +0.0206    +0.0165  +4.1556e-003      2.247 
  53    2    5  8    -0.0430    -0.0434    -0.0434  -3.7283e-005      2.169 
  77    9    4  8    +0.0239    +0.0239    +0.0240  -1.1012e-004      1.934 
  64    7    4  7    -0.2826    -0.2847    -0.2835  -1.1831e-003      1.846 
  45    0    7  6    +1.0620    +1.0555    +1.0615  -5.9812e-003      1.782 
  54    2    4  8    -0.0301    -0.0299    -0.0300  +6.3937e-005      1.776 
  40    0    2  3    -0.0869    -0.0869    -0.0869  -7.1107e-005      1.765 
  49    2    4  7    +0.5361    +0.5371    +0.5347  +2.4173e-003      1.710 
  29    6   13  4    +0.0744    +0.0712    +0.0748  -3.5982e-003      1.653 
  47    0    9  6    +1.0560    +1.0500    +1.0555  -5.4808e-003      1.643 
  62    6    5  8    +0.1762    +0.1766    +0.1762  +4.0241e-004      1.617 
  69    7    4  8    -0.0438    -0.0434    -0.0435  +1.1306e-004      1.598 
  24    4    7  4    -0.0975    -0.0937    -0.0972  +3.5764e-003      1.523 
  28    6   12  4    +0.0255    +0.0225    +0.0253  -2.8477e-003      1.517 
  60    6   12  8    -0.0411    -0.0411    -0.0410  -2.7079e-005      1.448 
  38    0   10  5    -0.0587    -0.0613    -0.0587  -2.6154e-003      1.335 
  57    6   13  7    +0.1453    +0.1448    +0.1451  -2.7183e-004      1.328 
  75    9   10  8    -0.0519    -0.0517    -0.0518  +3.4406e-005      1.299 
   5    4    9  1    +0.1610    +0.1578    +0.1613  -3.5555e-003      1.286 
  17    0    9  2    -0.2959    -0.2920    -0.2965  +4.4717e-003      1.246 
  68    7    9  8    -0.1178    -0.1182    -0.1178  -3.8392e-004      1.233 
  50    2    5  7    +0.3943    +0.3946    +0.3935  +1.0050e-003      1.226 
   2    1    5  1    +0.7546    +0.7433    +0.7512  -7.8940e-003      1.223 
  27    6   11  4    +0.0352    +0.0377    +0.0353  +2.3818e-003      1.205 
   7    6   11  1    +0.0734    +0.0760    +0.0733  +2.6700e-003      1.198 
  22    1    5  4    +0.0363    +0.0337    +0.0360  -2.2782e-003      1.182 
  72    9    7  7    -0.2441    -0.2435    -0.2442  +7.1924e-004      1.164 
  26    5    2  4    -0.0185    -0.0169    -0.0189  +2.0523e-003      1.123 
   6    5    2  1    -0.4054    -0.4001    -0.4045  +4.4063e-003      1.042 
  23    2    3  4    +0.0355    +0.0369    +0.0350  +1.9236e-003      0.985 
  73    9   10  7    +0.0378    +0.0375    +0.0376  -1.2942e-005      0.979 
  37    0    9  5    -0.1712    -0.1739    -0.1711  -2.7699e-003      0.975 
  12    9   10  1    +0.0527    +0.0543    +0.0524  +1.8798e-003      0.899 
  33    9   14  4    +0.0349    +0.0365    +0.0349  +1.6227e-003      0.825 
  25    4    9  4    -0.0037    -0.0050    -0.0036  -1.3223e-003      0.749 
  32    9   10  4    +0.0427    +0.0441    +0.0426  +1.5062e-003      0.746 
  20    0    1  6    +1.0600    +1.0556    +1.0593  -3.7451e-003      0.724 
  48    2    3  7    +0.6959    +0.6940    +0.6952  -1.2187e-003      0.723 
  56    6   12  7    +0.0653    +0.0655    +0.0655  +3.0189e-005      0.710 
  13    9   14  1    +0.0934    +0.0920    +0.0936  -1.6144e-003      0.693 
  42    0    6  3    -0.2482    -0.2483    -0.2483  +2.9681e-005      0.674 
  46    0    9  3    -0.2607    -0.2607    -0.2607  +5.3281e-005      0.674 
  35    0    3  5    +0.0597    +0.0616    +0.0606  +1.0066e-003      0.604 
  58    6   11  7    +0.0584    +0.0583    +0.0584  -1.6917e-005      0.586 
  21    1    2  4    -0.2039    -0.2029    -0.2047  +1.7431e-003      0.582 
  16    0    6  2    -0.1102    -0.1099    -0.1111  +1.2459e-003      0.560 
  18    0   10  2    -0.0909    -0.0908    -0.0895  -1.2297e-003      0.559 
  51    2    1  7    -1.4769    -1.4699    -1.4688  -1.1081e-003      0.484 
  59    6    5  7    -0.3808    -0.3823    -0.3818  -4.4103e-004      0.467 
  34   12   13  4    +0.0080    +0.0093    +0.0085  +8.2504e-004      0.464 
  41    0    2  6    +1.0450    +1.0430    +1.0445  -1.4691e-003      0.443 
   9    6   13  1    +0.1793    +0.1802    +0.1790  +1.2279e-003      0.425 
  39    0   13  5    -0.0625    -0.0626    -0.0634  +8.3557e-004      0.419 
   1    1    2  1    +1.5680    +1.5628    +1.5584  +4.3232e-003      0.389 
  63    6   11  8    -0.0487    -0.0488    -0.0488  +8.5410e-006      0.369 
  36    0    6  5    +0.0524    +0.0538    +0.0531  +7.1337e-004      0.364 
  76    9   14  8    -0.0548    -0.0548    -0.0548  +7.6325e-006      0.318 
  61    6   13  8    -0.1085    -0.1090    -0.1089  -4.1864e-005      0.300 
   3    2    3  1    +0.7330    +0.7339    +0.7320  +1.8988e-003      0.298 
  44    0    7  3    -0.2332    -0.2331    -0.2331  -2.2514e-005      0.277 
  43    0    6  6    +1.0700    +1.0703    +1.0695  +8.0914e-004      0.239 
  74    9    7  8    +0.1178    +0.1179    +0.1178  +7.3924e-005      0.238 
  15    0    3  2    -0.9441    -0.9452    -0.9435  -1.6184e-003      0.220 
  19    0   13  2    -0.1386    -0.1388    -0.1383  -4.5654e-004      0.183 
  70    9   14  7    +0.0769    +0.0772    +0.0772  +5.5571e-006      0.139 
   8    6   12  1    +0.0785    +0.0784    +0.0787  -2.6008e-004      0.116 
  55    2    3  8    -0.0948    -0.0942    -0.0942  +8.1735e-006      0.094 
  71    9    4  7    -0.1514    -0.1518    -0.1518  -3.8444e-005      0.090 
   4    4    7  1    +0.2813    +0.2823    +0.2821  +1.8046e-004      0.051 
  52    2    1  8    -0.1369    -0.1373    -0.1373  -3.0926e-006      0.043 
----------------------------------------------------------------------------------
Possível erro grosseiro no medidor 66!
Não foram identificadas medidas críticas.
Possíveis conjuntos críticos:
Conjunto 1: 74 43
Conjunto 2: 3 61
Conjunto 3: 34 59
Conjunto 4: 18 16
Conjunto 5: 21 58
Conjunto 6: 46 42
Conjunto 7: 48 20
Conjunto 8: 32 25
Conjunto 9: 37 73
Conjunto 10: 73 23
Conjunto 11: 7 27
Conjunto 12: 2 50 68
Conjunto 13: 50 68
Conjunto 14: 57 38
Conjunto 15: 28 24
Conjunto 16: 47 29
Conjunto 17: 40 54 45
Conjunto 18: 54 45
Conjunto 19: 11 31
