================================================================================= 
=== UFF - Doutorado em Computação - Aplicaçoes em Sistemas de Potencia        === 
=== ESTIMADOR DE ESTADO MÍNIMOS QUADRADOS PONDERADOS INCLUINDO MEDIDAS DE PMU === 
=== Desenvolvido por: Rui Menezes de Moraes - 2009                            === 
================================================================================= 
Arquivo de medidores:          .\med\S1_CS1_39M.med
Arquivo do sistema:            .\sist\ieee14.cdf
Tolerância entre iteraçoes:    1.00e-005
Limite de iteraçoes:           100

--- DADOS DA REDE --------------------------------------------------------------- 
Data do caso:                  08/19/93
Origem:                        UW ARCHIVE          
MVA base:                      100
Ano:                           1962
Estação:                       W
Identificação:                 IEEE 14 Bus Test Case
Número de barras:              14 
Número de ramos:               20 
Referência na barra:           1

--- TELEMEDIDAS ------------------------------------------------------------------
    Tipo 1 = Fluxo de potencia ativa        Tipo  6 = Módulo da tensão            
    Tipo 2 = Injeção de potencia ativa      Tipo  7 = Corrente de ramo (real)     
    Tipo 3 = Ângulo de fase da tensão       Tipo  8 = Corrente de ramo (imag)     
    Tipo 4 = Fluxo de potencia reativa      Tipo  9 = Injeção de corrente (real)  
    Tipo 5 = Injeção de potencia reativa    Tipo 10 = Injeção de corrente (imag)  
----------------------------------------------------------------------------------
   N    D    P TP  PN ST   Exa   FS       DP      V_Ref      V_Med          E(%) 
----------------------------------------------------------------------------------
   1    1    2  1   0  0 0.020 01.0  0.00015   +1.56805   +1.56277     -0.336724 
   2    1    5  1   0  0 0.020 01.0  0.00005   +0.75460   +0.74333     -1.493506 
   3    2    3  1   0  0 0.020 01.0  0.00004   +0.73305   +0.73388     +0.113226 
   4    4    7  1   0  0 0.020 01.0  0.00001   +0.28126   +0.28230     +0.369765 
   5    4    9  1   0  0 0.020 01.0  0.00001   +0.16101   +0.15779     -1.999876 
   6    5    2  1   0  0 0.020 01.0  0.00002   -0.40536   -0.40007     -1.305013 
   7    6   11  1   0  0 0.020 01.0  0.00001   +0.07337   +0.07601     +3.598201 
   8    6   12  1   0  0 0.020 01.0  0.00001   +0.07850   +0.07841     -0.114650 
   9    6   13  1   0  0 0.020 01.0  0.00001   +0.17927   +0.18023     +0.535505 
  10    7    8  1   0  0 0.020 01.0  0.00000   +0.00000   +0.00030     +0.000000 
  11    8    7  1   0  0 0.020 01.0  0.00000   +0.00000   -0.00032     +0.000000 
  12    9   10  1   0  0 0.020 01.0  0.00000   +0.05275   +0.05426     +2.862559 
  13    9   14  1   0  0 0.020 01.0  0.00001   +0.09340   +0.09201     -1.488223 
  14   12   13  1   0  0 0.020 01.0  0.00000   +0.01662   +0.02064    +24.187726 
  15    0    3  2   0  0 0.020 01.0  0.00006   -0.94406   -0.94516     +0.116518 
  16    0    6  2   0  0 0.020 01.0  0.00001   -0.11019   -0.10990     -0.263182 
  17    0    9  2   0  0 0.020 01.0  0.00001   -0.29595   -0.29200     -1.334685 
  18    0   10  2   0  0 0.020 01.0  0.00001   -0.09091   -0.09077     -0.153998 
  19    0   13  2   0  0 0.020 01.0  0.00001   -0.13855   -0.13880     +0.180440 
  20    0    1  6   0  1 0.015 01.1  0.00003   +1.06000   +1.05559     -0.416038
  21    1    2  4   0  0 0.020 01.0  0.00001   -0.20386   -0.20295     -0.446385 
  22    1    5  4   0  0 0.020 01.0  0.00000   +0.03634   +0.03370     -7.264722 
  23    2    3  4   0  0 0.020 01.0  0.00000   +0.03554   +0.03694     +3.939223 
  24    4    7  4   0  0 0.020 01.0  0.00001   -0.09754   -0.09367     -3.967603 
  25    4    9  4   0  0 0.020 01.0  0.00000   -0.00375   -0.00497    +32.533333 
  26    5    2  4   0  0 0.020 01.0  0.00000   -0.01848   -0.01689     -8.603896 
  27    6   11  4   0  0 0.020 01.0  0.00000   +0.03518   +0.03765     +7.021035 
  28    6   12  4   0  0 0.020 01.0  0.00000   +0.02552   +0.02249    -11.873041 
  29    6   13  4   0  0 0.020 01.0  0.00001   +0.07440   +0.07119     -4.314516 
  30    7    8  4   0  0 0.020 01.0  0.00001   -0.16881   -0.16718     -0.965583 
  31    8    7  4   0  0 0.020 01.0  0.00001   +0.17326   +0.17211     -0.663742 
  32    9   10  4   0  0 0.020 01.0  0.00000   +0.04268   +0.04407     +3.256795 
  33    9   14  4   0  0 0.020 01.0  0.00000   +0.03494   +0.03654     +4.579279 
  34   12   13  4   0  0 0.020 01.0  0.00000   +0.00803   +0.00930    +15.815691 
  35    0    3  5   0  0 0.020 01.0  0.00001   +0.05965   +0.06160     +3.269070 
  36    0    6  5   0  0 0.020 01.0  0.00000   +0.05243   +0.05382     +2.651154 
  37    0    9  5   0  0 0.020 01.0  0.00001   -0.17115   -0.17388     +1.595092 
  38    0   10  5   0  0 0.020 01.0  0.00001   -0.05872   -0.06127     +4.342643 
  39    0   13  5   0  0 0.020 01.0  0.00001   -0.06255   -0.06259     +0.063949 
----------------------------------------------------------------------------------
Número de medidores SCADA:     38
Número de PMUs:                0
Número de medidas das PMUs:    0
----------------------------------------------------------------------------------
Medidores desabilitados:
Medidor 20.

============= Estado Ref =============== Estado Est ================ TVE =========
Barra     Mod(pu)    Ang(graus)      Mod(pu)   Ang(graus)            (%)         
----------------------------------------------------------------------------------
   1       1.0600         0.00        1.0515         0.00          0.7987 
   2       1.0450        -4.98        1.0366        -5.03          0.8088 
   3       1.0100       -12.73        1.0014       -12.92          0.9163 
   4       1.0180       -10.31        1.0097       -10.44          0.8486 
   5       1.0200        -8.77        1.0121        -8.82          0.7810 
   6       1.0700       -14.22        1.0618       -14.38          0.8171 
   7       1.0620       -13.36        1.0533       -13.54          0.8777 
   8       1.0900       -13.36        1.0813       -13.54          0.8599 
   9       1.0560       -14.94        1.0467       -15.12          0.9326 
  10       1.0510       -15.10        1.0416       -15.29          0.9512 
  11       1.0570       -14.79        1.0479       -14.98          0.9208 
  12       1.0550       -15.08        1.0476       -15.25          0.7633 
  13       1.0500       -15.16        1.0417       -15.34          0.8481 
  14       1.0360       -16.03        1.0266       -16.22          0.9599 
----------------------------------------------------------------------------------
Convergiu em:    5 iteraçoes com TVE medio de     0.8631 
----------------------------------------------------------------------------------
--- RESIDUOS NORMALIZADOS --------------------------------------------------------
   N    D    P  TP      Real     Medido   Estimado      Med-Est        rn 
----------------------------------------------------------------------------------
  33    9   14  4    +0.0349    +0.0365    +0.0351  +1.4427e-003      2.017 
  24    4    7  4    -0.0975    -0.0937    -0.0956  +1.9168e-003      2.012 
  37    0    9  5    -0.1712    -0.1739    -0.1724  -1.4603e-003      1.968 
  25    4    9  4    -0.0037    -0.0050    -0.0024  -2.5926e-003      1.799 
  29    6   13  4    +0.0744    +0.0712    +0.0737  -2.5122e-003      1.508 
  12    9   10  1    +0.0527    +0.0543    +0.0533  +9.8509e-004      1.315 
  23    2    3  4    +0.0355    +0.0369    +0.0363  +6.2003e-004      1.300 
  35    0    3  5    +0.0597    +0.0616    +0.0613  +3.4901e-004      1.269 
  14   12   13  1    +0.0166    +0.0206    +0.0190  +1.6794e-003      1.268 
  39    0   13  5    -0.0625    -0.0626    -0.0614  -1.1898e-003      1.251 
  36    0    6  5    +0.0524    +0.0538    +0.0534  +4.0415e-004      1.207 
  17    0    9  2    -0.2959    -0.2920    -0.2912  -8.2407e-004      1.080 
  18    0   10  2    -0.0909    -0.0908    -0.0914  +6.2004e-004      1.065 
  19    0   13  2    -0.1386    -0.1388    -0.1400  +1.1648e-003      0.965 
   5    4    9  1    +0.1610    +0.1578    +0.1601  -2.2705e-003      0.905 
   8    6   12  1    +0.0785    +0.0784    +0.0771  +1.3196e-003      0.846 
   4    4    7  1    +0.2813    +0.2823    +0.2811  +1.1689e-003      0.829 
   1    1    2  1    +1.5680    +1.5628    +1.5588  +3.9551e-003      0.797 
   7    6   11  1    +0.0734    +0.0760    +0.0766  -5.6815e-004      0.740 
   6    5    2  1    -0.4054    -0.4001    -0.3985  -1.6168e-003      0.705 
   2    1    5  1    +0.7546    +0.7433    +0.7467  -3.3472e-003      0.607 
  34   12   13  4    +0.0080    +0.0093    +0.0100  -6.9334e-004      0.520 
  22    1    5  4    +0.0363    +0.0337    +0.0343  -6.4357e-004      0.510 
  21    1    2  4    -0.2039    -0.2029    -0.2034  +4.2246e-004      0.508 
  13    9   14  1    +0.0934    +0.0920    +0.0924  -3.8322e-004      0.491 
  38    0   10  5    -0.0587    -0.0613    -0.0610  -2.5938e-004      0.459 
  32    9   10  4    +0.0427    +0.0441    +0.0437  +3.9319e-004      0.449 
  15    0    3  2    -0.9441    -0.9452    -0.9467  +1.4926e-003      0.424 
   9    6   13  1    +0.1793    +0.1802    +0.1794  +8.6386e-004      0.373 
  26    5    2  4    -0.0185    -0.0169    -0.0167  -1.7614e-004      0.240 
  27    6   11  4    +0.0352    +0.0377    +0.0378  -1.2117e-004      0.177 
  28    6   12  4    +0.0255    +0.0225    +0.0223  +2.1794e-004      0.176 
  30    7    8  4    -0.1688    -0.1672    -0.1674  +2.4317e-004      0.118 
  31    8    7  4    +0.1733    +0.1721    +0.1719  +2.3625e-004      0.118 
  16    0    6  2    -0.1102    -0.1099    -0.1099  -1.5861e-005      0.040 
   3    2    3  1    +0.7330    +0.7339    +0.7339  -5.4862e-005      0.011 
  10    7    8  1    +0.0000    +0.0003    +0.0003  -1.0003e-005      0.008 
  11    8    7  1    +0.0000    -0.0003    -0.0003  -9.9966e-006      0.008 
----------------------------------------------------------------------------------
Não foram identificados erros grosseiros.
Não foram identificadas medidas críticas.
Possíveis conjuntos críticos:
Conjunto 1: 11 10
Conjunto 2: 31 30
Conjunto 3: 28 27
Conjunto 4: 21 22
Conjunto 5: 14 35
Conjunto 6: 24 33
Medidas com alta correlação: 11 e 10 
Medidas com alta correlação: 31 e 30 
