================================================================================= 
=== UFF - Doutorado em Computação - Aplicaçoes em Sistemas de Potencia        === 
=== ESTIMADOR DE ESTADO MÍNIMOS QUADRADOS PONDERADOS INCLUINDO MEDIDAS DE PMU === 
=== Desenvolvido por: Rui Menezes de Moraes - 2009                            === 
================================================================================= 
Arquivo de medidores:          .\med\S1_CS1_39M.med
Arquivo do sistema:            .\sist\ieee14.cdf
Tolerância entre iteraçoes:    1.00e-005
Limite de iteraçoes:           100

--- DADOS DA REDE --------------------------------------------------------------- 
Data do caso:                  08/19/93
Origem:                        UW ARCHIVE          
MVA base:                      100
Ano:                           1962
Estação:                       W
Identificação:                 IEEE 14 Bus Test Case
Número de barras:              14 
Número de ramos:               20 
Referência na barra:           1

--- TELEMEDIDAS ------------------------------------------------------------------
    Tipo 1 = Fluxo de potencia ativa        Tipo  6 = Módulo da tensão            
    Tipo 2 = Injeção de potencia ativa      Tipo  7 = Corrente de ramo (real)     
    Tipo 3 = Ângulo de fase da tensão       Tipo  8 = Corrente de ramo (imag)     
    Tipo 4 = Fluxo de potencia reativa      Tipo  9 = Injeção de corrente (real)  
    Tipo 5 = Injeção de potencia reativa    Tipo 10 = Injeção de corrente (imag)  
----------------------------------------------------------------------------------
   N    D    P TP  PN ST   Exa   FS       DP      V_Ref      V_Med          E(%) 
----------------------------------------------------------------------------------
   1    1    2  1   0  0 0.020 01.0  0.00015   +1.56805   +1.56277     -0.336724 
   2    1    5  1   0  0 0.020 01.0  0.00005   +0.75460   +0.74333     -1.493506 
   3    2    3  1   0  0 0.020 01.0  0.00004   +0.73305   +0.73388     +0.113226 
   4    4    7  1   0  0 0.020 01.0  0.00001   +0.28126   +0.28230     +0.369765 
   5    4    9  1   0  0 0.020 01.0  0.00001   +0.16101   +0.15779     -1.999876 
   6    5    2  1   0  0 0.020 01.0  0.00002   -0.40536   -0.40007     -1.305013 
   7    6   11  1   0  0 0.020 01.0  0.00001   +0.07337   +0.07601     +3.598201 
   8    6   12  1   0  0 0.020 01.0  0.00001   +0.07850   +0.07841     -0.114650 
   9    6   13  1   0  0 0.020 01.0  0.00001   +0.17927   +0.18023     +0.535505 
  10    7    8  1   0  0 0.020 01.0  0.00000   +0.00000   +0.00030     +0.000000 
  11    8    7  1   0  0 0.020 01.0  0.00000   +0.00000   -0.00032     +0.000000 
  12    9   10  1   0  0 0.020 01.0  0.00000   +0.05275   +0.05426     +2.862559 
  13    9   14  1   0  0 0.020 01.0  0.00001   +0.09340   +0.09201     -1.488223 
  14   12   13  1   0  0 0.020 01.0  0.00000   +0.01662   +0.02064    +24.187726 
  15    0    3  2   0  0 0.020 01.0  0.00006   -0.94406   -0.94516     +0.116518 
  16    0    6  2   0  0 0.020 01.0  0.00001   -0.11019   -0.10990     -0.263182 
  17    0    9  2   0  0 0.020 01.0  0.00001   -0.29595   -0.29200     -1.334685 
  18    0   10  2   0  0 0.020 01.0  0.00001   -0.09091   -0.09077     -0.153998 
  19    0   13  2   0  0 0.020 01.0  0.00001   -0.13855   -0.13880     +0.180440 
  20    0    1  6   0  0 0.015 01.1  0.00003   +1.06000   +1.05559     -0.416038 
  21    1    2  4   0  0 0.020 01.0  0.00001   -0.20386   -0.20295     -0.446385 
  22    1    5  4   0  0 0.020 01.0  0.00000   +0.03634   +0.03370     -7.264722 
  23    2    3  4   0  0 0.020 01.0  0.00000   +0.03554   +0.03694     +3.939223 
  24    4    7  4   0  0 0.020 01.0  0.00001   -0.09754   -0.09367     -3.967603 
  25    4    9  4   0  0 0.020 01.0  0.00000   -0.00375   -0.00497    +32.533333 
  26    5    2  4   0  0 0.020 01.0  0.00000   -0.01848   -0.01689     -8.603896 
  27    6   11  4   0  0 0.020 01.0  0.00000   +0.03518   +0.03765     +7.021035 
  28    6   12  4   0  0 0.020 01.0  0.00000   +0.02552   +0.02249    -11.873041 
  29    6   13  4   0  0 0.020 01.0  0.00001   +0.07440   +0.07119     -4.314516 
  30    7    8  4   0  0 0.020 01.0  0.00001   -0.16881   -0.16718     -0.965583 
  31    8    7  4   0  0 0.020 01.0  0.00001   +0.17326   +0.17211     -0.663742 
  32    9   10  4   0  0 0.020 01.0  0.00000   +0.04268   +0.04407     +3.256795 
  33    9   14  4   0  0 0.020 01.0  0.00000   +0.03494   +0.03654     +4.579279 
  34   12   13  4   0  0 0.020 01.0  0.00000   +0.00803   +0.00930    +15.815691 
  35    0    3  5   0  0 0.020 01.0  0.00001   +0.05965   +0.06160     +3.269070 
  36    0    6  5   0  0 0.020 01.0  0.00000   +0.05243   +0.05382     +2.651154 
  37    0    9  5   0  0 0.020 01.0  0.00001   -0.17115   -0.17388     +1.595092 
  38    0   10  5   0  0 0.020 01.0  0.00001   -0.05872   -0.06127     +4.342643 
  39    0   13  5   0  0 0.020 01.0  0.00001   -0.06255   -0.06259     +0.063949 
----------------------------------------------------------------------------------
Número de medidores SCADA:     39
Número de PMUs:                0
Número de medidas das PMUs:    0
----------------------------------------------------------------------------------

Matriz de pesos formada com as covariâncias das telemedidas.
Não há medidas de ângulo.
Não há medidores desabilitados.
============= Estado Ref =============== Estado Est ================ TVE =========
Barra     Mod(pu)    Ang(graus)      Mod(pu)   Ang(graus)            (%)         
----------------------------------------------------------------------------------
   1       1.0600         0.00        1.0545         0.00          0.5151 
   2       1.0450        -4.98        1.0396        -5.00          0.5177 
   3       1.0100       -12.73        1.0044       -12.85          0.5871 
   4       1.0180       -10.31        1.0126       -10.38          0.5403 
   5       1.0200        -8.77        1.0151        -8.77          0.4768 
   6       1.0700       -14.22        1.0650       -14.30          0.4886 
   7       1.0620       -13.36        1.0563       -13.46          0.5687 
   8       1.0900       -13.36        1.0842       -13.46          0.5638 
   9       1.0560       -14.94        1.0499       -15.03          0.6036 
  10       1.0510       -15.10        1.0448       -15.20          0.6177 
  11       1.0570       -14.79        1.0511       -14.89          0.5860 
  12       1.0550       -15.08        1.0508       -15.16          0.4231 
  13       1.0500       -15.16        1.0449       -15.25          0.5064 
  14       1.0360       -16.03        1.0298       -16.12          0.6164 
----------------------------------------------------------------------------------
Convergiu em:    3 iteraçoes com TVE medio de     0.5437 
----------------------------------------------------------------------------------
--- RESIDUOS NORMALIZADOS --------------------------------------------------------
   N    D    P  TP      Real     Medido   Estimado      Med-Est        rn 
----------------------------------------------------------------------------------
  33    9   14  4    +0.0349    +0.0365    +0.0351  +1.4640e-003      2.040 
  24    4    7  4    -0.0975    -0.0937    -0.0956  +1.9456e-003      2.036 
  37    0    9  5    -0.1712    -0.1739    -0.1724  -1.4867e-003      1.997 
  25    4    9  4    -0.0037    -0.0050    -0.0026  -2.3980e-003      1.572 
  29    6   13  4    +0.0744    +0.0712    +0.0739  -2.7234e-003      1.555 
  12    9   10  1    +0.0527    +0.0543    +0.0533  +1.0059e-003      1.340 
  39    0   13  5    -0.0625    -0.0626    -0.0614  -1.2050e-003      1.266 
  14   12   13  1    +0.0166    +0.0206    +0.0190  +1.6706e-003      1.261 
  23    2    3  4    +0.0355    +0.0369    +0.0361  +8.4077e-004      1.140 
  35    0    3  5    +0.0597    +0.0616    +0.0611  +4.7525e-004      1.129 
  18    0   10  2    -0.0909    -0.0908    -0.0914  +6.4832e-004      1.104 
  36    0    6  5    +0.0524    +0.0538    +0.0533  +5.6360e-004      1.070 
  17    0    9  2    -0.2959    -0.2920    -0.2912  -7.9763e-004      1.041 
  19    0   13  2    -0.1386    -0.1388    -0.1399  +1.1391e-003      0.943 
   5    4    9  1    +0.1610    +0.1578    +0.1601  -2.3102e-003      0.920 
   8    6   12  1    +0.0785    +0.0784    +0.0771  +1.3278e-003      0.851 
   4    4    7  1    +0.2813    +0.2823    +0.2812  +1.1132e-003      0.785 
   1    1    2  1    +1.5680    +1.5628    +1.5590  +3.8109e-003      0.766 
   7    6   11  1    +0.0734    +0.0760    +0.0766  -5.8718e-004      0.763 
   2    1    5  1    +0.7546    +0.7433    +0.7469  -3.6008e-003      0.649 
  32    9   10  4    +0.0427    +0.0441    +0.0435  +5.6642e-004      0.577 
   6    5    2  1    -0.4054    -0.4001    -0.3987  -1.3283e-003      0.552 
  15    0    3  2    -0.9441    -0.9452    -0.9471  +1.9070e-003      0.518 
  34   12   13  4    +0.0080    +0.0093    +0.0100  -6.8838e-004      0.516 
  13    9   14  1    +0.0934    +0.0920    +0.0924  -3.8027e-004      0.487 
  27    6   11  4    +0.0352    +0.0377    +0.0380  -3.7612e-004      0.398 
  20    0    1  6    +1.0600    +1.0556    +1.0545  +1.0504e-003      0.392 
   9    6   13  1    +0.1793    +0.1802    +0.1794  +8.5221e-004      0.368 
  22    1    5  4    +0.0363    +0.0337    +0.0342  -4.5373e-004      0.335 
  21    1    2  4    -0.2039    -0.2029    -0.2032  +2.7262e-004      0.299 
  38    0   10  5    -0.0587    -0.0613    -0.0611  -1.3280e-004      0.204 
  31    8    7  4    +0.1733    +0.1721    +0.1719  +2.4922e-004      0.125 
  30    7    8  4    -0.1688    -0.1672    -0.1674  +2.5453e-004      0.124 
  28    6   12  4    +0.0255    +0.0225    +0.0224  +1.0544e-004      0.083 
  16    0    6  2    -0.1102    -0.1099    -0.1099  -3.2392e-005      0.081 
  26    5    2  4    -0.0185    -0.0169    -0.0170  +6.4399e-005      0.067 
   3    2    3  1    +0.7330    +0.7339    +0.7341  -2.1332e-004      0.044 
  11    8    7  1    +0.0000    -0.0003    -0.0003  -1.0006e-005      0.008 
  10    7    8  1    +0.0000    +0.0003    +0.0003  -9.9940e-006      0.008 
----------------------------------------------------------------------------------
Não foram identificados erros grosseiros.
Não foram identificadas medidas críticas.
Possíveis conjuntos críticos:
Conjunto 1: 10 11
Conjunto 2: 30 31
Conjunto 3: 34 15
Conjunto 4: 7 1
Conjunto 5: 35 23
Conjunto 6: 14 39
Conjunto 7: 24 33
Medidas com alta correlação: 10 e 11 
Medidas com alta correlação: 30 e 31 
Não há medidas de ângulo.
Medidores desabilitados:
Medidor 3.
============= Estado Ref =============== Estado Est ================ TVE =========
Barra     Mod(pu)    Ang(graus)      Mod(pu)   Ang(graus)            (%)         
----------------------------------------------------------------------------------
   1       1.0600         0.00        1.0545         0.00          0.5144 
   2       1.0450        -4.98        1.0396        -5.00          0.5170 
   3       1.0100       -12.73        1.0044       -12.85          0.5879 
   4       1.0180       -10.31        1.0126       -10.38          0.5404 
   5       1.0200        -8.77        1.0151        -8.77          0.4762 
   6       1.0700       -14.22        1.0650       -14.30          0.4884 
   7       1.0620       -13.36        1.0563       -13.46          0.5692 
   8       1.0900       -13.36        1.0842       -13.47          0.5643 
   9       1.0560       -14.94        1.0499       -15.04          0.6038 
  10       1.0510       -15.10        1.0448       -15.20          0.6179 
  11       1.0570       -14.79        1.0511       -14.89          0.5861 
  12       1.0550       -15.08        1.0508       -15.17          0.4233 
  13       1.0500       -15.16        1.0449       -15.25          0.5064 
  14       1.0360       -16.03        1.0298       -16.12          0.6166 
----------------------------------------------------------------------------------
Convergiu em:    3 iteraçoes com TVE medio de     0.5437 
----------------------------------------------------------------------------------
--- RESIDUOS NORMALIZADOS --------------------------------------------------------
   N    D    P  TP      Real     Medido   Estimado      Med-Est        rn 
----------------------------------------------------------------------------------
  33    9   14  4    +0.0349    +0.0365    +0.0351  +1.4620e-003      2.042 
  24    4    7  4    -0.0975    -0.0937    -0.0956  +1.9450e-003      2.036 
  37    0    9  5    -0.1712    -0.1739    -0.1724  -1.4860e-003      1.997 
  16    0    6  2    -0.1102    -0.1099    -0.1099  -1.4767e-005      1.808 
  12    9   10  1    +0.0527    +0.0543    +0.0532  +1.0243e-003      1.621 
  25    4    9  4    -0.0037    -0.0050    -0.0026  -2.3986e-003      1.573 
  29    6   13  4    +0.0744    +0.0712    +0.0739  -2.7188e-003      1.555 
  18    0   10  2    -0.0909    -0.0908    -0.0914  +6.6071e-004      1.277 
  39    0   13  5    -0.0625    -0.0626    -0.0614  -1.2025e-003      1.266 
  14   12   13  1    +0.0166    +0.0206    +0.0190  +1.6719e-003      1.262 
   7    6   11  1    +0.0734    +0.0760    +0.0766  -6.1378e-004      1.243 
  35    0    3  5    +0.0597    +0.0616    +0.0611  +4.7070e-004      1.153 
  23    2    3  4    +0.0355    +0.0369    +0.0361  +8.3502e-004      1.150 
  15    0    3  2    -0.9441    -0.9452    -0.9472  +2.0491e-003      1.147 
  17    0    9  2    -0.2959    -0.2920    -0.2912  -8.0961e-004      1.123 
  36    0    6  5    +0.0524    +0.0538    +0.0533  +5.6325e-004      1.069 
  19    0   13  2    -0.1386    -0.1388    -0.1399  +1.1400e-003      0.943 
   5    4    9  1    +0.1610    +0.1578    +0.1601  -2.2975e-003      0.921 
   8    6   12  1    +0.0785    +0.0784    +0.0771  +1.3140e-003      0.859 
   4    4    7  1    +0.2813    +0.2823    +0.2812  +1.1355e-003      0.852 
   1    1    2  1    +1.5680    +1.5628    +1.5589  +3.8365e-003      0.775 
   2    1    5  1    +0.7546    +0.7433    +0.7470  -3.6218e-003      0.655 
  32    9   10  4    +0.0427    +0.0441    +0.0435  +5.5935e-004      0.577 
   6    5    2  1    -0.4054    -0.4001    -0.3988  -1.2947e-003      0.567 
  34   12   13  4    +0.0080    +0.0093    +0.0100  -6.8725e-004      0.516 
  13    9   14  1    +0.0934    +0.0920    +0.0924  -3.7600e-004      0.485 
  27    6   11  4    +0.0352    +0.0377    +0.0380  -3.7058e-004      0.395 
  20    0    1  6    +1.0600    +1.0556    +1.0545  +1.0429e-003      0.390 
   9    6   13  1    +0.1793    +0.1802    +0.1794  +8.2726e-004      0.368 
  22    1    5  4    +0.0363    +0.0337    +0.0342  -4.5657e-004      0.337 
  21    1    2  4    -0.2039    -0.2029    -0.2032  +2.7441e-004      0.301 
  38    0   10  5    -0.0587    -0.0613    -0.0611  -1.3809e-004      0.215 
  31    8    7  4    +0.1733    +0.1721    +0.1719  +2.4929e-004      0.125 
  30    7    8  4    -0.1688    -0.1672    -0.1674  +2.5452e-004      0.124 
  28    6   12  4    +0.0255    +0.0225    +0.0224  +1.0588e-004      0.083 
  26    5    2  4    -0.0185    -0.0169    -0.0170  +6.0889e-005      0.064 
  11    8    7  1    +0.0000    -0.0003    -0.0003  -1.0006e-005      0.008 
  10    7    8  1    +0.0000    +0.0003    +0.0003  -9.9936e-006      0.008 
----------------------------------------------------------------------------------
Não foram identificados erros grosseiros.
Não foram identificadas medidas críticas.
Possíveis conjuntos críticos:
Conjunto 1: 10 11
Conjunto 2: 30 31
Conjunto 3: 4 8
Conjunto 4: 15 23 35
Conjunto 5: 23 35
Conjunto 6: 14 39
Conjunto 7: 39 18
Conjunto 8: 24 33
Medidas com alta correlação: 10 e 11 
Medidas com alta correlação: 30 e 31 
Medidas com alta correlação: 15 e 23 
Medidas com alta correlação: 15 e 35 
Medidas com alta correlação: 23 e 35 
Medidas com alta correlação: 23 e 35 
Não há medidas de ângulo.
Medidores desabilitados:
Medidor 3.
Medidor 23.
============= Estado Ref =============== Estado Est ================ TVE =========
Barra     Mod(pu)    Ang(graus)      Mod(pu)   Ang(graus)            (%)         
----------------------------------------------------------------------------------
   1       1.0600         0.00        1.0569         0.00          0.2932 
   2       1.0450        -4.98        1.0419        -4.98          0.2920 
   3       1.0100       -12.73        1.0079       -12.78          0.2264 
   4       1.0180       -10.31        1.0166       -10.34          0.1511 
   5       1.0200        -8.77        1.0176        -8.73          0.2453 
   6       1.0700       -14.22        1.0684       -14.22          0.1531 
   7       1.0620       -13.36        1.0601       -13.40          0.1916 
   8       1.0900       -13.36        1.0879       -13.40          0.2042 
   9       1.0560       -14.94        1.0538       -14.96          0.2118 
  10       1.0510       -15.10        1.0486       -15.12          0.2276 
  11       1.0570       -14.79        1.0547       -14.82          0.2210 
  12       1.0550       -15.08        1.0544       -15.09          0.0626 
  13       1.0500       -15.16        1.0485       -15.17          0.1442 
  14       1.0360       -16.03        1.0338       -16.04          0.2149 
----------------------------------------------------------------------------------
Convergiu em:    3 iteraçoes com TVE medio de     0.2028 
----------------------------------------------------------------------------------
--- RESIDUOS NORMALIZADOS --------------------------------------------------------
   N    D    P  TP      Real     Medido   Estimado      Med-Est        rn 
----------------------------------------------------------------------------------
  33    9   14  4    +0.0349    +0.0365    +0.0353  +1.2448e-003      1.803 
  24    4    7  4    -0.0975    -0.0937    -0.0952  +1.5019e-003      1.718 
  25    4    9  4    -0.0037    -0.0050    -0.0024  -2.5742e-003      1.697 
  37    0    9  5    -0.1712    -0.1739    -0.1727  -1.1341e-003      1.670 
  36    0    6  5    +0.0524    +0.0538    +0.0539  -4.1739e-005      1.650 
  16    0    6  2    -0.1102    -0.1099    -0.1099  -5.5073e-006      1.631 
  12    9   10  1    +0.0527    +0.0543    +0.0534  +8.9584e-004      1.440 
  14   12   13  1    +0.0166    +0.0206    +0.0189  +1.7123e-003      1.293 
  27    6   11  4    +0.0352    +0.0377    +0.0371  +5.7334e-004      1.267 
  17    0    9  2    -0.2959    -0.2920    -0.2911  -8.6215e-004      1.199 
  29    6   13  4    +0.0744    +0.0712    +0.0731  -1.8813e-003      1.184 
  39    0   13  5    -0.0625    -0.0626    -0.0615  -1.1210e-003      1.183 
  38    0   10  5    -0.0587    -0.0613    -0.0607  -5.9154e-004      1.169 
  18    0   10  2    -0.0909    -0.0908    -0.0913  +5.2266e-004      1.039 
  19    0   13  2    -0.1386    -0.1388    -0.1400  +1.2487e-003      1.037 
   4    4    7  1    +0.2813    +0.2823    +0.2810  +1.3246e-003      1.002 
   7    6   11  1    +0.0734    +0.0760    +0.0765  -4.7457e-004      0.991 
   5    4    9  1    +0.1610    +0.1578    +0.1601  -2.2785e-003      0.913 
   8    6   12  1    +0.0785    +0.0784    +0.0771  +1.3307e-003      0.870 
  20    0    1  6    +1.0600    +1.0556    +1.0569  -1.3022e-003      0.754 
   1    1    2  1    +1.5680    +1.5628    +1.5593  +3.4279e-003      0.694 
   2    1    5  1    +0.7546    +0.7433    +0.7470  -3.6602e-003      0.662 
   6    5    2  1    -0.4054    -0.4001    -0.3987  -1.4073e-003      0.618 
  13    9   14  1    +0.0934    +0.0920    +0.0924  -4.1613e-004      0.537 
  34   12   13  4    +0.0080    +0.0093    +0.0100  -6.9694e-004      0.523 
  28    6   12  4    +0.0255    +0.0225    +0.0220  +5.2713e-004      0.432 
   9    6   13  1    +0.1793    +0.1802    +0.1793  +9.6578e-004      0.430 
  32    9   10  4    +0.0427    +0.0441    +0.0443  -1.9139e-004      0.268 
  30    7    8  4    -0.1688    -0.1672    -0.1675  +2.7131e-004      0.132 
  31    8    7  4    +0.1733    +0.1721    +0.1718  +2.6371e-004      0.132 
  21    1    2  4    -0.2039    -0.2029    -0.2030  +5.3570e-005      0.060 
  22    1    5  4    +0.0363    +0.0337    +0.0337  -4.6463e-005      0.036 
  26    5    2  4    -0.0185    -0.0169    -0.0169  -2.1751e-005      0.023 
  10    7    8  1    +0.0000    +0.0003    +0.0003  -1.0004e-005      0.008 
  11    8    7  1    +0.0000    -0.0003    -0.0003  -9.9956e-006      0.008 
  35    0    3  5    +0.0597    +0.0616    +0.0616  -3.2741e-007      0.000 
  15    0    3  2    -0.9441    -0.9452    -0.9452  +1.8313e-007      0.000 
----------------------------------------------------------------------------------
Não foram identificados erros grosseiros.
Medida crítica   15!
Medida crítica   35!
Possíveis conjuntos críticos:
Conjunto 1: 11 10
Conjunto 2: 31 30
Conjunto 3: 9 28
Conjunto 4: 19 18
Conjunto 5: 39 29
Medidas com alta correlação: 11 e 10 
Medidas com alta correlação: 31 e 30 
Não há medidas de ângulo.
Medidores desabilitados:
Medidor 3.
Medidor 15.
Medidor 23.
----------------------------------------------------------------------------------
Não convergiu em  100 iteraçoes.
----------------------------------------------------------------------------------
--- RESIDUOS NORMALIZADOS --------------------------------------------------------
   N    D    P  TP      Real     Medido   Estimado      Med-Est        rn 
----------------------------------------------------------------------------------
  33    9   14  4    +0.0349    +0.0365        NaN         NaN      1.803 
  24    4    7  4    -0.0975    -0.0937        NaN         NaN      1.718 
  25    4    9  4    -0.0037    -0.0050        NaN         NaN      1.697 
  37    0    9  5    -0.1712    -0.1739        NaN         NaN      1.670 
  36    0    6  5    +0.0524    +0.0538        NaN         NaN      1.650 
  16    0    6  2    -0.1102    -0.1099        NaN         NaN      1.631 
  12    9   10  1    +0.0527    +0.0543        NaN         NaN      1.440 
  14   12   13  1    +0.0166    +0.0206        NaN         NaN      1.293 
  27    6   11  4    +0.0352    +0.0377        NaN         NaN      1.267 
  17    0    9  2    -0.2959    -0.2920        NaN         NaN      1.199 
  29    6   13  4    +0.0744    +0.0712        NaN         NaN      1.184 
  39    0   13  5    -0.0625    -0.0626        NaN         NaN      1.183 
  38    0   10  5    -0.0587    -0.0613        NaN         NaN      1.169 
  18    0   10  2    -0.0909    -0.0908        NaN         NaN      1.039 
  19    0   13  2    -0.1386    -0.1388        NaN         NaN      1.037 
   4    4    7  1    +0.2813    +0.2823        NaN         NaN      1.002 
   7    6   11  1    +0.0734    +0.0760        NaN         NaN      0.991 
   5    4    9  1    +0.1610    +0.1578        NaN         NaN      0.913 
   8    6   12  1    +0.0785    +0.0784        NaN         NaN      0.870 
  20    0    1  6    +1.0600    +1.0556        NaN         NaN      0.754 
   1    1    2  1    +1.5680    +1.5628        NaN         NaN      0.694 
   2    1    5  1    +0.7546    +0.7433        NaN         NaN      0.662 
   6    5    2  1    -0.4054    -0.4001        NaN         NaN      0.618 
  13    9   14  1    +0.0934    +0.0920        NaN         NaN      0.537 
  34   12   13  4    +0.0080    +0.0093        NaN         NaN      0.523 
  28    6   12  4    +0.0255    +0.0225        NaN         NaN      0.432 
   9    6   13  1    +0.1793    +0.1802        NaN         NaN      0.430 
  32    9   10  4    +0.0427    +0.0441        NaN         NaN      0.268 
  30    7    8  4    -0.1688    -0.1672        NaN         NaN      0.132 
  31    8    7  4    +0.1733    +0.1721        NaN         NaN      0.132 
  21    1    2  4    -0.2039    -0.2029        NaN         NaN      0.060 
  22    1    5  4    +0.0363    +0.0337        NaN         NaN      0.036 
  26    5    2  4    -0.0185    -0.0169        NaN         NaN      0.023 
  10    7    8  1    +0.0000    +0.0003        NaN         NaN      0.008 
  11    8    7  1    +0.0000    -0.0003        NaN         NaN      0.008 
  35    0    3  5    +0.0597    +0.0616        NaN         NaN      0.000 
----------------------------------------------------------------------------------
Não foram identificados erros grosseiros.
Não foram identificadas medidas críticas.
Possíveis conjuntos críticos:
Conjunto 1: 11 10
Conjunto 2: 31 30
Conjunto 3: 9 28
Conjunto 4: 19 18
Conjunto 5: 39 29
Não há medidas de ângulo.
Medidores desabilitados:
Medidor 3.
Medidor 23.
============= Estado Ref =============== Estado Est ================ TVE =========
Barra     Mod(pu)    Ang(graus)      Mod(pu)   Ang(graus)            (%)         
----------------------------------------------------------------------------------
   1       1.0600         0.00        1.0569         0.00          0.2932 
   2       1.0450        -4.98        1.0419        -4.98          0.2920 
   3       1.0100       -12.73        1.0079       -12.78          0.2264 
   4       1.0180       -10.31        1.0166       -10.34          0.1511 
   5       1.0200        -8.77        1.0176        -8.73          0.2453 
   6       1.0700       -14.22        1.0684       -14.22          0.1531 
   7       1.0620       -13.36        1.0601       -13.40          0.1916 
   8       1.0900       -13.36        1.0879       -13.40          0.2042 
   9       1.0560       -14.94        1.0538       -14.96          0.2118 
  10       1.0510       -15.10        1.0486       -15.12          0.2276 
  11       1.0570       -14.79        1.0547       -14.82          0.2210 
  12       1.0550       -15.08        1.0544       -15.09          0.0626 
  13       1.0500       -15.16        1.0485       -15.17          0.1442 
  14       1.0360       -16.03        1.0338       -16.04          0.2149 
----------------------------------------------------------------------------------
Convergiu em:    3 iteraçoes com TVE medio de     0.2028 
----------------------------------------------------------------------------------
--- RESIDUOS NORMALIZADOS --------------------------------------------------------
   N    D    P  TP      Real     Medido   Estimado      Med-Est        rn 
----------------------------------------------------------------------------------
  33    9   14  4    +0.0349    +0.0365    +0.0353  +1.2448e-003      1.803 
  24    4    7  4    -0.0975    -0.0937    -0.0952  +1.5019e-003      1.718 
  25    4    9  4    -0.0037    -0.0050    -0.0024  -2.5742e-003      1.697 
  37    0    9  5    -0.1712    -0.1739    -0.1727  -1.1341e-003      1.670 
  36    0    6  5    +0.0524    +0.0538    +0.0539  -4.1739e-005      1.650 
  16    0    6  2    -0.1102    -0.1099    -0.1099  -5.5073e-006      1.631 
  12    9   10  1    +0.0527    +0.0543    +0.0534  +8.9584e-004      1.440 
  14   12   13  1    +0.0166    +0.0206    +0.0189  +1.7123e-003      1.293 
  27    6   11  4    +0.0352    +0.0377    +0.0371  +5.7334e-004      1.267 
  17    0    9  2    -0.2959    -0.2920    -0.2911  -8.6215e-004      1.199 
  29    6   13  4    +0.0744    +0.0712    +0.0731  -1.8813e-003      1.184 
  39    0   13  5    -0.0625    -0.0626    -0.0615  -1.1210e-003      1.183 
  38    0   10  5    -0.0587    -0.0613    -0.0607  -5.9154e-004      1.169 
  18    0   10  2    -0.0909    -0.0908    -0.0913  +5.2266e-004      1.039 
  19    0   13  2    -0.1386    -0.1388    -0.1400  +1.2487e-003      1.037 
   4    4    7  1    +0.2813    +0.2823    +0.2810  +1.3246e-003      1.002 
   7    6   11  1    +0.0734    +0.0760    +0.0765  -4.7457e-004      0.991 
   5    4    9  1    +0.1610    +0.1578    +0.1601  -2.2785e-003      0.913 
   8    6   12  1    +0.0785    +0.0784    +0.0771  +1.3307e-003      0.870 
  20    0    1  6    +1.0600    +1.0556    +1.0569  -1.3022e-003      0.754 
   1    1    2  1    +1.5680    +1.5628    +1.5593  +3.4279e-003      0.694 
   2    1    5  1    +0.7546    +0.7433    +0.7470  -3.6602e-003      0.662 
   6    5    2  1    -0.4054    -0.4001    -0.3987  -1.4073e-003      0.618 
  13    9   14  1    +0.0934    +0.0920    +0.0924  -4.1613e-004      0.537 
  34   12   13  4    +0.0080    +0.0093    +0.0100  -6.9694e-004      0.523 
  28    6   12  4    +0.0255    +0.0225    +0.0220  +5.2713e-004      0.432 
   9    6   13  1    +0.1793    +0.1802    +0.1793  +9.6578e-004      0.430 
  32    9   10  4    +0.0427    +0.0441    +0.0443  -1.9139e-004      0.268 
  30    7    8  4    -0.1688    -0.1672    -0.1675  +2.7131e-004      0.132 
  31    8    7  4    +0.1733    +0.1721    +0.1718  +2.6371e-004      0.132 
  21    1    2  4    -0.2039    -0.2029    -0.2030  +5.3570e-005      0.060 
  22    1    5  4    +0.0363    +0.0337    +0.0337  -4.6463e-005      0.036 
  26    5    2  4    -0.0185    -0.0169    -0.0169  -2.1751e-005      0.023 
  10    7    8  1    +0.0000    +0.0003    +0.0003  -1.0004e-005      0.008 
  11    8    7  1    +0.0000    -0.0003    -0.0003  -9.9956e-006      0.008 
  35    0    3  5    +0.0597    +0.0616    +0.0616  -3.2741e-007      0.000 
  15    0    3  2    -0.9441    -0.9452    -0.9452  +1.8313e-007      0.000 
----------------------------------------------------------------------------------
Não foram identificados erros grosseiros.
Medida crítica   15!
Medida crítica   35!
Possíveis conjuntos críticos:
Conjunto 1: 11 10
Conjunto 2: 31 30
Conjunto 3: 9 28
Conjunto 4: 19 18
Conjunto 5: 39 29
Medidas com alta correlação: 11 e 10 
Medidas com alta correlação: 31 e 30 
Não há medidas de ângulo.
Medidores desabilitados:
Medidor 23.
============= Estado Ref =============== Estado Est ================ TVE =========
Barra     Mod(pu)    Ang(graus)      Mod(pu)   Ang(graus)            (%)         
----------------------------------------------------------------------------------
   1       1.0600         0.00        1.0569         0.00          0.2951 
   2       1.0450        -4.98        1.0419        -4.98          0.2937 
   3       1.0100       -12.73        1.0078       -12.78          0.2368 
   4       1.0180       -10.31        1.0165       -10.35          0.1625 
   5       1.0200        -8.77        1.0176        -8.73          0.2472 
   6       1.0700       -14.22        1.0683       -14.23          0.1575 
   7       1.0620       -13.36        1.0601       -13.41          0.2021 
   8       1.0900       -13.36        1.0879       -13.41          0.2144 
   9       1.0560       -14.94        1.0537       -14.97          0.2203 
  10       1.0510       -15.10        1.0486       -15.13          0.2358 
  11       1.0570       -14.79        1.0547       -14.82          0.2283 
  12       1.0550       -15.08        1.0543       -15.09          0.0701 
  13       1.0500       -15.16        1.0484       -15.18          0.1503 
  14       1.0360       -16.03        1.0337       -16.05          0.2222 
----------------------------------------------------------------------------------
Convergiu em:    3 iteraçoes com TVE medio de     0.2097 
----------------------------------------------------------------------------------
--- RESIDUOS NORMALIZADOS --------------------------------------------------------
   N    D    P  TP      Real     Medido   Estimado      Med-Est        rn 
----------------------------------------------------------------------------------
  33    9   14  4    +0.0349    +0.0365    +0.0353  +1.2431e-003      1.800 
  24    4    7  4    -0.0975    -0.0937    -0.0952  +1.5108e-003      1.725 
  25    4    9  4    -0.0037    -0.0050    -0.0024  -2.5715e-003      1.695 
  37    0    9  5    -0.1712    -0.1739    -0.1727  -1.1391e-003      1.675 
  14   12   13  1    +0.0166    +0.0206    +0.0189  +1.7157e-003      1.295 
  12    9   10  1    +0.0527    +0.0543    +0.0533  +9.6093e-004      1.282 
  27    6   11  4    +0.0352    +0.0377    +0.0371  +5.6930e-004      1.256 
  29    6   13  4    +0.0744    +0.0712    +0.0731  -1.8864e-003      1.187 
  17    0    9  2    -0.2959    -0.2920    -0.2911  -9.0056e-004      1.184 
  38    0   10  5    -0.0587    -0.0613    -0.0607  -5.9830e-004      1.178 
  39    0   13  5    -0.0625    -0.0626    -0.0615  -1.1147e-003      1.176 
  19    0   13  2    -0.1386    -0.1388    -0.1400  +1.2497e-003      1.037 
   4    4    7  1    +0.2813    +0.2823    +0.2809  +1.3947e-003      0.999 
  18    0   10  2    -0.0909    -0.0908    -0.0913  +5.6844e-004      0.976 
   5    4    9  1    +0.1610    +0.1578    +0.1600  -2.2366e-003      0.892 
   8    6   12  1    +0.0785    +0.0784    +0.0771  +1.2834e-003      0.823 
  20    0    1  6    +1.0600    +1.0556    +1.0569  -1.2821e-003      0.741 
   7    6   11  1    +0.0734    +0.0760    +0.0766  -5.6827e-004      0.739 
   1    1    2  1    +1.5680    +1.5628    +1.5592  +3.5204e-003      0.708 
   2    1    5  1    +0.7546    +0.7433    +0.7471  -3.7342e-003      0.673 
   6    5    2  1    -0.4054    -0.4001    -0.3988  -1.2873e-003      0.535 
  34   12   13  4    +0.0080    +0.0093    +0.0100  -6.9275e-004      0.520 
  13    9   14  1    +0.0934    +0.0920    +0.0924  -4.0097e-004      0.514 
  28    6   12  4    +0.0255    +0.0225    +0.0220  +5.1825e-004      0.424 
   9    6   13  1    +0.1793    +0.1802    +0.1794  +8.7717e-004      0.379 
  36    0    6  5    +0.0524    +0.0538    +0.0538  -2.9623e-005      0.362 
  32    9   10  4    +0.0427    +0.0441    +0.0443  -1.9706e-004      0.275 
  35    0    3  5    +0.0597    +0.0616    +0.0616  -5.0393e-006      0.169 
  15    0    3  2    -0.9441    -0.9452    -0.9457  +5.4133e-004      0.156 
   3    2    3  1    +0.7330    +0.7339    +0.7331  +7.4546e-004      0.156 
  16    0    6  2    -0.1102    -0.1099    -0.1100  +5.5573e-005      0.142 
  30    7    8  4    -0.1688    -0.1672    -0.1675  +2.7108e-004      0.132 
  31    8    7  4    +0.1733    +0.1721    +0.1718  +2.6348e-004      0.132 
  21    1    2  4    -0.2039    -0.2029    -0.2030  +6.5540e-005      0.073 
  22    1    5  4    +0.0363    +0.0337    +0.0338  -6.5243e-005      0.050 
  26    5    2  4    -0.0185    -0.0169    -0.0169  -3.1178e-005      0.033 
  10    7    8  1    +0.0000    +0.0003    +0.0003  -1.0004e-005      0.008 
  11    8    7  1    +0.0000    -0.0003    -0.0003  -9.9956e-006      0.008 
----------------------------------------------------------------------------------
Não foram identificados erros grosseiros.
Não foram identificadas medidas críticas.
Possíveis conjuntos críticos:
Conjunto 1: 11 10
Conjunto 2: 31 30
Conjunto 3: 3 15
Conjunto 4: 7 20
Conjunto 5: 39 38 17 29
Conjunto 6: 38 17 29
Conjunto 7: 17 29
Medidas com alta correlação: 11 e 10 
Medidas com alta correlação: 31 e 30 
Medidas com alta correlação: 3 e 15 
Não há medidas de ângulo.
Não há medidores desabilitados.
============= Estado Ref =============== Estado Est ================ TVE =========
Barra     Mod(pu)    Ang(graus)      Mod(pu)   Ang(graus)            (%)         
----------------------------------------------------------------------------------
   1       1.0600         0.00        1.0545         0.00          0.5151 
   2       1.0450        -4.98        1.0396        -5.00          0.5177 
   3       1.0100       -12.73        1.0044       -12.85          0.5871 
   4       1.0180       -10.31        1.0126       -10.38          0.5403 
   5       1.0200        -8.77        1.0151        -8.77          0.4768 
   6       1.0700       -14.22        1.0650       -14.30          0.4886 
   7       1.0620       -13.36        1.0563       -13.46          0.5687 
   8       1.0900       -13.36        1.0842       -13.46          0.5638 
   9       1.0560       -14.94        1.0499       -15.03          0.6036 
  10       1.0510       -15.10        1.0448       -15.20          0.6177 
  11       1.0570       -14.79        1.0511       -14.89          0.5860 
  12       1.0550       -15.08        1.0508       -15.16          0.4231 
  13       1.0500       -15.16        1.0449       -15.25          0.5064 
  14       1.0360       -16.03        1.0298       -16.12          0.6164 
----------------------------------------------------------------------------------
Convergiu em:    3 iteraçoes com TVE medio de     0.5437 
----------------------------------------------------------------------------------
--- RESIDUOS NORMALIZADOS --------------------------------------------------------
   N    D    P  TP      Real     Medido   Estimado      Med-Est        rn 
----------------------------------------------------------------------------------
  33    9   14  4    +0.0349    +0.0365    +0.0351  +1.4640e-003      2.040 
  24    4    7  4    -0.0975    -0.0937    -0.0956  +1.9456e-003      2.036 
  37    0    9  5    -0.1712    -0.1739    -0.1724  -1.4867e-003      1.997 
  25    4    9  4    -0.0037    -0.0050    -0.0026  -2.3980e-003      1.572 
  29    6   13  4    +0.0744    +0.0712    +0.0739  -2.7234e-003      1.555 
  12    9   10  1    +0.0527    +0.0543    +0.0533  +1.0059e-003      1.340 
  39    0   13  5    -0.0625    -0.0626    -0.0614  -1.2050e-003      1.266 
  14   12   13  1    +0.0166    +0.0206    +0.0190  +1.6706e-003      1.261 
  23    2    3  4    +0.0355    +0.0369    +0.0361  +8.4077e-004      1.140 
  35    0    3  5    +0.0597    +0.0616    +0.0611  +4.7525e-004      1.129 
  18    0   10  2    -0.0909    -0.0908    -0.0914  +6.4832e-004      1.104 
  36    0    6  5    +0.0524    +0.0538    +0.0533  +5.6360e-004      1.070 
  17    0    9  2    -0.2959    -0.2920    -0.2912  -7.9763e-004      1.041 
  19    0   13  2    -0.1386    -0.1388    -0.1399  +1.1391e-003      0.943 
   5    4    9  1    +0.1610    +0.1578    +0.1601  -2.3102e-003      0.920 
   8    6   12  1    +0.0785    +0.0784    +0.0771  +1.3278e-003      0.851 
   4    4    7  1    +0.2813    +0.2823    +0.2812  +1.1132e-003      0.785 
   1    1    2  1    +1.5680    +1.5628    +1.5590  +3.8109e-003      0.766 
   7    6   11  1    +0.0734    +0.0760    +0.0766  -5.8718e-004      0.763 
   2    1    5  1    +0.7546    +0.7433    +0.7469  -3.6008e-003      0.649 
  32    9   10  4    +0.0427    +0.0441    +0.0435  +5.6642e-004      0.577 
   6    5    2  1    -0.4054    -0.4001    -0.3987  -1.3283e-003      0.552 
  15    0    3  2    -0.9441    -0.9452    -0.9471  +1.9070e-003      0.518 
  34   12   13  4    +0.0080    +0.0093    +0.0100  -6.8838e-004      0.516 
  13    9   14  1    +0.0934    +0.0920    +0.0924  -3.8027e-004      0.487 
  27    6   11  4    +0.0352    +0.0377    +0.0380  -3.7612e-004      0.398 
  20    0    1  6    +1.0600    +1.0556    +1.0545  +1.0504e-003      0.392 
   9    6   13  1    +0.1793    +0.1802    +0.1794  +8.5221e-004      0.368 
  22    1    5  4    +0.0363    +0.0337    +0.0342  -4.5373e-004      0.335 
  21    1    2  4    -0.2039    -0.2029    -0.2032  +2.7262e-004      0.299 
  38    0   10  5    -0.0587    -0.0613    -0.0611  -1.3280e-004      0.204 
  31    8    7  4    +0.1733    +0.1721    +0.1719  +2.4922e-004      0.125 
  30    7    8  4    -0.1688    -0.1672    -0.1674  +2.5453e-004      0.124 
  28    6   12  4    +0.0255    +0.0225    +0.0224  +1.0544e-004      0.083 
  16    0    6  2    -0.1102    -0.1099    -0.1099  -3.2392e-005      0.081 
  26    5    2  4    -0.0185    -0.0169    -0.0170  +6.4399e-005      0.067 
   3    2    3  1    +0.7330    +0.7339    +0.7341  -2.1332e-004      0.044 
  11    8    7  1    +0.0000    -0.0003    -0.0003  -1.0006e-005      0.008 
  10    7    8  1    +0.0000    +0.0003    +0.0003  -9.9940e-006      0.008 
----------------------------------------------------------------------------------
Não foram identificados erros grosseiros.
Não foram identificadas medidas críticas.
Possíveis conjuntos críticos:
Conjunto 1: 10 11
Conjunto 2: 30 31
Conjunto 3: 34 15
Conjunto 4: 7 1
Conjunto 5: 35 23
Conjunto 6: 14 39
Conjunto 7: 24 33
Medidas com alta correlação: 10 e 11 
Medidas com alta correlação: 30 e 31 
Não há medidas de ângulo.
Medidores desabilitados:
Medidor 3.
============= Estado Ref =============== Estado Est ================ TVE =========
Barra     Mod(pu)    Ang(graus)      Mod(pu)   Ang(graus)            (%)         
----------------------------------------------------------------------------------
   1       1.0600         0.00        1.0545         0.00          0.5144 
   2       1.0450        -4.98        1.0396        -5.00          0.5170 
   3       1.0100       -12.73        1.0044       -12.85          0.5879 
   4       1.0180       -10.31        1.0126       -10.38          0.5404 
   5       1.0200        -8.77        1.0151        -8.77          0.4762 
   6       1.0700       -14.22        1.0650       -14.30          0.4884 
   7       1.0620       -13.36        1.0563       -13.46          0.5692 
   8       1.0900       -13.36        1.0842       -13.47          0.5643 
   9       1.0560       -14.94        1.0499       -15.04          0.6038 
  10       1.0510       -15.10        1.0448       -15.20          0.6179 
  11       1.0570       -14.79        1.0511       -14.89          0.5861 
  12       1.0550       -15.08        1.0508       -15.17          0.4233 
  13       1.0500       -15.16        1.0449       -15.25          0.5064 
  14       1.0360       -16.03        1.0298       -16.12          0.6166 
----------------------------------------------------------------------------------
Convergiu em:    3 iteraçoes com TVE medio de     0.5437 
----------------------------------------------------------------------------------
--- RESIDUOS NORMALIZADOS --------------------------------------------------------
   N    D    P  TP      Real     Medido   Estimado      Med-Est        rn 
----------------------------------------------------------------------------------
  33    9   14  4    +0.0349    +0.0365    +0.0351  +1.4620e-003      2.042 
  24    4    7  4    -0.0975    -0.0937    -0.0956  +1.9450e-003      2.036 
  37    0    9  5    -0.1712    -0.1739    -0.1724  -1.4860e-003      1.997 
  16    0    6  2    -0.1102    -0.1099    -0.1099  -1.4767e-005      1.808 
  12    9   10  1    +0.0527    +0.0543    +0.0532  +1.0243e-003      1.621 
  25    4    9  4    -0.0037    -0.0050    -0.0026  -2.3986e-003      1.573 
  29    6   13  4    +0.0744    +0.0712    +0.0739  -2.7188e-003      1.555 
  18    0   10  2    -0.0909    -0.0908    -0.0914  +6.6071e-004      1.277 
  39    0   13  5    -0.0625    -0.0626    -0.0614  -1.2025e-003      1.266 
  14   12   13  1    +0.0166    +0.0206    +0.0190  +1.6719e-003      1.262 
   7    6   11  1    +0.0734    +0.0760    +0.0766  -6.1378e-004      1.243 
  35    0    3  5    +0.0597    +0.0616    +0.0611  +4.7070e-004      1.153 
  23    2    3  4    +0.0355    +0.0369    +0.0361  +8.3502e-004      1.150 
  15    0    3  2    -0.9441    -0.9452    -0.9472  +2.0491e-003      1.147 
  17    0    9  2    -0.2959    -0.2920    -0.2912  -8.0961e-004      1.123 
  36    0    6  5    +0.0524    +0.0538    +0.0533  +5.6325e-004      1.069 
  19    0   13  2    -0.1386    -0.1388    -0.1399  +1.1400e-003      0.943 
   5    4    9  1    +0.1610    +0.1578    +0.1601  -2.2975e-003      0.921 
   8    6   12  1    +0.0785    +0.0784    +0.0771  +1.3140e-003      0.859 
   4    4    7  1    +0.2813    +0.2823    +0.2812  +1.1355e-003      0.852 
   1    1    2  1    +1.5680    +1.5628    +1.5589  +3.8365e-003      0.775 
   2    1    5  1    +0.7546    +0.7433    +0.7470  -3.6218e-003      0.655 
  32    9   10  4    +0.0427    +0.0441    +0.0435  +5.5935e-004      0.577 
   6    5    2  1    -0.4054    -0.4001    -0.3988  -1.2947e-003      0.567 
  34   12   13  4    +0.0080    +0.0093    +0.0100  -6.8725e-004      0.516 
  13    9   14  1    +0.0934    +0.0920    +0.0924  -3.7600e-004      0.485 
  27    6   11  4    +0.0352    +0.0377    +0.0380  -3.7058e-004      0.395 
  20    0    1  6    +1.0600    +1.0556    +1.0545  +1.0429e-003      0.390 
   9    6   13  1    +0.1793    +0.1802    +0.1794  +8.2726e-004      0.368 
  22    1    5  4    +0.0363    +0.0337    +0.0342  -4.5657e-004      0.337 
  21    1    2  4    -0.2039    -0.2029    -0.2032  +2.7441e-004      0.301 
  38    0   10  5    -0.0587    -0.0613    -0.0611  -1.3809e-004      0.215 
  31    8    7  4    +0.1733    +0.1721    +0.1719  +2.4929e-004      0.125 
  30    7    8  4    -0.1688    -0.1672    -0.1674  +2.5452e-004      0.124 
  28    6   12  4    +0.0255    +0.0225    +0.0224  +1.0588e-004      0.083 
  26    5    2  4    -0.0185    -0.0169    -0.0170  +6.0889e-005      0.064 
  11    8    7  1    +0.0000    -0.0003    -0.0003  -1.0006e-005      0.008 
  10    7    8  1    +0.0000    +0.0003    +0.0003  -9.9936e-006      0.008 
----------------------------------------------------------------------------------
Não foram identificados erros grosseiros.
Não foram identificadas medidas críticas.
Possíveis conjuntos críticos:
Conjunto 1: 10 11
Conjunto 2: 30 31
Conjunto 3: 4 8
Conjunto 4: 15 23 35
Conjunto 5: 23 35
Conjunto 6: 14 39
Conjunto 7: 39 18
Conjunto 8: 24 33
Medidas com alta correlação: 10 e 11 
Medidas com alta correlação: 30 e 31 
Medidas com alta correlação: 15 e 23 
Medidas com alta correlação: 15 e 35 
Medidas com alta correlação: 23 e 35 
Medidas com alta correlação: 23 e 35 
Não há medidas de ângulo.
Medidores desabilitados:
Medidor 3.
Medidor 23.
============= Estado Ref =============== Estado Est ================ TVE =========
Barra     Mod(pu)    Ang(graus)      Mod(pu)   Ang(graus)            (%)         
----------------------------------------------------------------------------------
   1       1.0600         0.00        1.0569         0.00          0.2932 
   2       1.0450        -4.98        1.0419        -4.98          0.2920 
   3       1.0100       -12.73        1.0079       -12.78          0.2264 
   4       1.0180       -10.31        1.0166       -10.34          0.1511 
   5       1.0200        -8.77        1.0176        -8.73          0.2453 
   6       1.0700       -14.22        1.0684       -14.22          0.1531 
   7       1.0620       -13.36        1.0601       -13.40          0.1916 
   8       1.0900       -13.36        1.0879       -13.40          0.2042 
   9       1.0560       -14.94        1.0538       -14.96          0.2118 
  10       1.0510       -15.10        1.0486       -15.12          0.2276 
  11       1.0570       -14.79        1.0547       -14.82          0.2210 
  12       1.0550       -15.08        1.0544       -15.09          0.0626 
  13       1.0500       -15.16        1.0485       -15.17          0.1442 
  14       1.0360       -16.03        1.0338       -16.04          0.2149 
----------------------------------------------------------------------------------
Convergiu em:    3 iteraçoes com TVE medio de     0.2028 
----------------------------------------------------------------------------------
--- RESIDUOS NORMALIZADOS --------------------------------------------------------
   N    D    P  TP      Real     Medido   Estimado      Med-Est        rn 
----------------------------------------------------------------------------------
  33    9   14  4    +0.0349    +0.0365    +0.0353  +1.2448e-003      1.803 
  24    4    7  4    -0.0975    -0.0937    -0.0952  +1.5019e-003      1.718 
  25    4    9  4    -0.0037    -0.0050    -0.0024  -2.5742e-003      1.697 
  37    0    9  5    -0.1712    -0.1739    -0.1727  -1.1341e-003      1.670 
  36    0    6  5    +0.0524    +0.0538    +0.0539  -4.1739e-005      1.650 
  16    0    6  2    -0.1102    -0.1099    -0.1099  -5.5073e-006      1.631 
  12    9   10  1    +0.0527    +0.0543    +0.0534  +8.9584e-004      1.440 
  14   12   13  1    +0.0166    +0.0206    +0.0189  +1.7123e-003      1.293 
  27    6   11  4    +0.0352    +0.0377    +0.0371  +5.7334e-004      1.267 
  17    0    9  2    -0.2959    -0.2920    -0.2911  -8.6215e-004      1.199 
  29    6   13  4    +0.0744    +0.0712    +0.0731  -1.8813e-003      1.184 
  39    0   13  5    -0.0625    -0.0626    -0.0615  -1.1210e-003      1.183 
  38    0   10  5    -0.0587    -0.0613    -0.0607  -5.9154e-004      1.169 
  18    0   10  2    -0.0909    -0.0908    -0.0913  +5.2266e-004      1.039 
  19    0   13  2    -0.1386    -0.1388    -0.1400  +1.2487e-003      1.037 
   4    4    7  1    +0.2813    +0.2823    +0.2810  +1.3246e-003      1.002 
   7    6   11  1    +0.0734    +0.0760    +0.0765  -4.7457e-004      0.991 
   5    4    9  1    +0.1610    +0.1578    +0.1601  -2.2785e-003      0.913 
   8    6   12  1    +0.0785    +0.0784    +0.0771  +1.3307e-003      0.870 
  20    0    1  6    +1.0600    +1.0556    +1.0569  -1.3022e-003      0.754 
   1    1    2  1    +1.5680    +1.5628    +1.5593  +3.4279e-003      0.694 
   2    1    5  1    +0.7546    +0.7433    +0.7470  -3.6602e-003      0.662 
   6    5    2  1    -0.4054    -0.4001    -0.3987  -1.4073e-003      0.618 
  13    9   14  1    +0.0934    +0.0920    +0.0924  -4.1613e-004      0.537 
  34   12   13  4    +0.0080    +0.0093    +0.0100  -6.9694e-004      0.523 
  28    6   12  4    +0.0255    +0.0225    +0.0220  +5.2713e-004      0.432 
   9    6   13  1    +0.1793    +0.1802    +0.1793  +9.6578e-004      0.430 
  32    9   10  4    +0.0427    +0.0441    +0.0443  -1.9139e-004      0.268 
  30    7    8  4    -0.1688    -0.1672    -0.1675  +2.7131e-004      0.132 
  31    8    7  4    +0.1733    +0.1721    +0.1718  +2.6371e-004      0.132 
  21    1    2  4    -0.2039    -0.2029    -0.2030  +5.3570e-005      0.060 
  22    1    5  4    +0.0363    +0.0337    +0.0337  -4.6463e-005      0.036 
  26    5    2  4    -0.0185    -0.0169    -0.0169  -2.1751e-005      0.023 
  10    7    8  1    +0.0000    +0.0003    +0.0003  -1.0004e-005      0.008 
  11    8    7  1    +0.0000    -0.0003    -0.0003  -9.9956e-006      0.008 
  35    0    3  5    +0.0597    +0.0616    +0.0616  -3.2741e-007      0.000 
  15    0    3  2    -0.9441    -0.9452    -0.9452  +1.8313e-007      0.000 
----------------------------------------------------------------------------------
Não foram identificados erros grosseiros.
Medida crítica   15!
Medida crítica   35!
Possíveis conjuntos críticos:
Conjunto 1: 11 10
Conjunto 2: 31 30
Conjunto 3: 9 28
Conjunto 4: 19 18
Conjunto 5: 39 29
Medidas com alta correlação: 11 e 10 
Medidas com alta correlação: 31 e 30 
Não há medidas de ângulo.
Medidores desabilitados:
Medidor 3.
Medidor 23.
============= Estado Ref =============== Estado Est ================ TVE =========
Barra     Mod(pu)    Ang(graus)      Mod(pu)   Ang(graus)            (%)         
----------------------------------------------------------------------------------
   1       1.0600         0.00        1.0569         0.00          0.2932 
   2       1.0450        -4.98        1.0419        -4.98          0.2920 
   3       1.0100       -12.73        1.0079       -12.78          0.2264 
   4       1.0180       -10.31        1.0166       -10.34          0.1511 
   5       1.0200        -8.77        1.0176        -8.73          0.2453 
   6       1.0700       -14.22        1.0684       -14.22          0.1531 
   7       1.0620       -13.36        1.0601       -13.40          0.1916 
   8       1.0900       -13.36        1.0879       -13.40          0.2042 
   9       1.0560       -14.94        1.0538       -14.96          0.2118 
  10       1.0510       -15.10        1.0486       -15.12          0.2276 
  11       1.0570       -14.79        1.0547       -14.82          0.2210 
  12       1.0550       -15.08        1.0544       -15.09          0.0626 
  13       1.0500       -15.16        1.0485       -15.17          0.1442 
  14       1.0360       -16.03        1.0338       -16.04          0.2149 
----------------------------------------------------------------------------------
Convergiu em:    3 iteraçoes com TVE medio de     0.2028 
----------------------------------------------------------------------------------
--- RESIDUOS NORMALIZADOS --------------------------------------------------------
   N    D    P  TP      Real     Medido   Estimado      Med-Est        rn 
----------------------------------------------------------------------------------
  33    9   14  4    +0.0349    +0.0365    +0.0353  +1.2448e-003      1.803 
  24    4    7  4    -0.0975    -0.0937    -0.0952  +1.5019e-003      1.718 
  25    4    9  4    -0.0037    -0.0050    -0.0024  -2.5742e-003      1.697 
  37    0    9  5    -0.1712    -0.1739    -0.1727  -1.1341e-003      1.670 
  36    0    6  5    +0.0524    +0.0538    +0.0539  -4.1739e-005      1.650 
  16    0    6  2    -0.1102    -0.1099    -0.1099  -5.5073e-006      1.631 
  12    9   10  1    +0.0527    +0.0543    +0.0534  +8.9584e-004      1.440 
  14   12   13  1    +0.0166    +0.0206    +0.0189  +1.7123e-003      1.293 
  27    6   11  4    +0.0352    +0.0377    +0.0371  +5.7334e-004      1.267 
  17    0    9  2    -0.2959    -0.2920    -0.2911  -8.6215e-004      1.199 
  29    6   13  4    +0.0744    +0.0712    +0.0731  -1.8813e-003      1.184 
  39    0   13  5    -0.0625    -0.0626    -0.0615  -1.1210e-003      1.183 
  38    0   10  5    -0.0587    -0.0613    -0.0607  -5.9154e-004      1.169 
  18    0   10  2    -0.0909    -0.0908    -0.0913  +5.2266e-004      1.039 
  19    0   13  2    -0.1386    -0.1388    -0.1400  +1.2487e-003      1.037 
   4    4    7  1    +0.2813    +0.2823    +0.2810  +1.3246e-003      1.002 
   7    6   11  1    +0.0734    +0.0760    +0.0765  -4.7457e-004      0.991 
   5    4    9  1    +0.1610    +0.1578    +0.1601  -2.2785e-003      0.913 
   8    6   12  1    +0.0785    +0.0784    +0.0771  +1.3307e-003      0.870 
  20    0    1  6    +1.0600    +1.0556    +1.0569  -1.3022e-003      0.754 
   1    1    2  1    +1.5680    +1.5628    +1.5593  +3.4279e-003      0.694 
   2    1    5  1    +0.7546    +0.7433    +0.7470  -3.6602e-003      0.662 
   6    5    2  1    -0.4054    -0.4001    -0.3987  -1.4073e-003      0.618 
  13    9   14  1    +0.0934    +0.0920    +0.0924  -4.1613e-004      0.537 
  34   12   13  4    +0.0080    +0.0093    +0.0100  -6.9694e-004      0.523 
  28    6   12  4    +0.0255    +0.0225    +0.0220  +5.2713e-004      0.432 
   9    6   13  1    +0.1793    +0.1802    +0.1793  +9.6578e-004      0.430 
  32    9   10  4    +0.0427    +0.0441    +0.0443  -1.9139e-004      0.268 
  30    7    8  4    -0.1688    -0.1672    -0.1675  +2.7131e-004      0.132 
  31    8    7  4    +0.1733    +0.1721    +0.1718  +2.6371e-004      0.132 
  21    1    2  4    -0.2039    -0.2029    -0.2030  +5.3570e-005      0.060 
  22    1    5  4    +0.0363    +0.0337    +0.0337  -4.6463e-005      0.036 
  26    5    2  4    -0.0185    -0.0169    -0.0169  -2.1751e-005      0.023 
  10    7    8  1    +0.0000    +0.0003    +0.0003  -1.0004e-005      0.008 
  11    8    7  1    +0.0000    -0.0003    -0.0003  -9.9956e-006      0.008 
  35    0    3  5    +0.0597    +0.0616    +0.0616  -3.2741e-007      0.000 
  15    0    3  2    -0.9441    -0.9452    -0.9452  +1.8313e-007      0.000 
----------------------------------------------------------------------------------
Não foram identificados erros grosseiros.
Medida crítica   15!
Medida crítica   35!
Possíveis conjuntos críticos:
Conjunto 1: 11 10
Conjunto 2: 31 30
Conjunto 3: 9 28
Conjunto 4: 19 18
Conjunto 5: 39 29
Medidas com alta correlação: 11 e 10 
Medidas com alta correlação: 31 e 30 
Não há medidas de ângulo.
Medidores desabilitados:
Medidor 3.
Medidor 23.
============= Estado Ref =============== Estado Est ================ TVE =========
Barra     Mod(pu)    Ang(graus)      Mod(pu)   Ang(graus)            (%)         
----------------------------------------------------------------------------------
   1       1.0600         0.00        1.0569         0.00          0.2932 
   2       1.0450        -4.98        1.0419        -4.98          0.2920 
   3       1.0100       -12.73        1.0079       -12.78          0.2264 
   4       1.0180       -10.31        1.0166       -10.34          0.1511 
   5       1.0200        -8.77        1.0176        -8.73          0.2453 
   6       1.0700       -14.22        1.0684       -14.22          0.1531 
   7       1.0620       -13.36        1.0601       -13.40          0.1916 
   8       1.0900       -13.36        1.0879       -13.40          0.2042 
   9       1.0560       -14.94        1.0538       -14.96          0.2118 
  10       1.0510       -15.10        1.0486       -15.12          0.2276 
  11       1.0570       -14.79        1.0547       -14.82          0.2210 
  12       1.0550       -15.08        1.0544       -15.09          0.0626 
  13       1.0500       -15.16        1.0485       -15.17          0.1442 
  14       1.0360       -16.03        1.0338       -16.04          0.2149 
----------------------------------------------------------------------------------
Convergiu em:    3 iteraçoes com TVE medio de     0.2028 
----------------------------------------------------------------------------------
--- RESIDUOS NORMALIZADOS --------------------------------------------------------
   N    D    P  TP      Real     Medido   Estimado      Med-Est        rn 
----------------------------------------------------------------------------------
  33    9   14  4    +0.0349    +0.0365    +0.0353  +1.2448e-003      1.803 
  24    4    7  4    -0.0975    -0.0937    -0.0952  +1.5019e-003      1.718 
  25    4    9  4    -0.0037    -0.0050    -0.0024  -2.5742e-003      1.697 
  37    0    9  5    -0.1712    -0.1739    -0.1727  -1.1341e-003      1.670 
  36    0    6  5    +0.0524    +0.0538    +0.0539  -4.1739e-005      1.650 
  16    0    6  2    -0.1102    -0.1099    -0.1099  -5.5073e-006      1.631 
  12    9   10  1    +0.0527    +0.0543    +0.0534  +8.9584e-004      1.440 
  14   12   13  1    +0.0166    +0.0206    +0.0189  +1.7123e-003      1.293 
  27    6   11  4    +0.0352    +0.0377    +0.0371  +5.7334e-004      1.267 
  17    0    9  2    -0.2959    -0.2920    -0.2911  -8.6215e-004      1.199 
  29    6   13  4    +0.0744    +0.0712    +0.0731  -1.8813e-003      1.184 
  39    0   13  5    -0.0625    -0.0626    -0.0615  -1.1210e-003      1.183 
  38    0   10  5    -0.0587    -0.0613    -0.0607  -5.9154e-004      1.169 
  18    0   10  2    -0.0909    -0.0908    -0.0913  +5.2266e-004      1.039 
  19    0   13  2    -0.1386    -0.1388    -0.1400  +1.2487e-003      1.037 
   4    4    7  1    +0.2813    +0.2823    +0.2810  +1.3246e-003      1.002 
   7    6   11  1    +0.0734    +0.0760    +0.0765  -4.7457e-004      0.991 
   5    4    9  1    +0.1610    +0.1578    +0.1601  -2.2785e-003      0.913 
   8    6   12  1    +0.0785    +0.0784    +0.0771  +1.3307e-003      0.870 
  20    0    1  6    +1.0600    +1.0556    +1.0569  -1.3022e-003      0.754 
   1    1    2  1    +1.5680    +1.5628    +1.5593  +3.4279e-003      0.694 
   2    1    5  1    +0.7546    +0.7433    +0.7470  -3.6602e-003      0.662 
   6    5    2  1    -0.4054    -0.4001    -0.3987  -1.4073e-003      0.618 
  13    9   14  1    +0.0934    +0.0920    +0.0924  -4.1613e-004      0.537 
  34   12   13  4    +0.0080    +0.0093    +0.0100  -6.9694e-004      0.523 
  28    6   12  4    +0.0255    +0.0225    +0.0220  +5.2713e-004      0.432 
   9    6   13  1    +0.1793    +0.1802    +0.1793  +9.6578e-004      0.430 
  32    9   10  4    +0.0427    +0.0441    +0.0443  -1.9139e-004      0.268 
  30    7    8  4    -0.1688    -0.1672    -0.1675  +2.7131e-004      0.132 
  31    8    7  4    +0.1733    +0.1721    +0.1718  +2.6371e-004      0.132 
  21    1    2  4    -0.2039    -0.2029    -0.2030  +5.3570e-005      0.060 
  22    1    5  4    +0.0363    +0.0337    +0.0337  -4.6463e-005      0.036 
  26    5    2  4    -0.0185    -0.0169    -0.0169  -2.1751e-005      0.023 
  10    7    8  1    +0.0000    +0.0003    +0.0003  -1.0004e-005      0.008 
  11    8    7  1    +0.0000    -0.0003    -0.0003  -9.9956e-006      0.008 
  35    0    3  5    +0.0597    +0.0616    +0.0616  -3.2741e-007      0.000 
  15    0    3  2    -0.9441    -0.9452    -0.9452  +1.8313e-007      0.000 
----------------------------------------------------------------------------------
Não foram identificados erros grosseiros.
Medida crítica   15!
Medida crítica   35!
Possíveis conjuntos críticos:
Conjunto 1: 11 10
Conjunto 2: 31 30
Conjunto 3: 9 28
Conjunto 4: 19 18
Conjunto 5: 39 29
Medidas com alta correlação: 11 e 10 
Medidas com alta correlação: 31 e 30 
Não há medidas de ângulo.
Medidores desabilitados:
Medidor 3.
Medidor 7.
Medidor 23.
============= Estado Ref =============== Estado Est ================ TVE =========
Barra     Mod(pu)    Ang(graus)      Mod(pu)   Ang(graus)            (%)         
----------------------------------------------------------------------------------
   1       1.0600         0.00        1.0569         0.00          0.2890 
   2       1.0450        -4.98        1.0420        -4.98          0.2877 
   3       1.0100       -12.73        1.0074       -12.90          0.3913 
   4       1.0180       -10.31        1.0157       -10.57          0.5141 
   5       1.0200        -8.77        1.0176        -8.73          0.2414 
   6       1.0700       -14.22        1.0681       -14.37          0.3150 
   7       1.0620       -13.36        1.0592       -13.64          0.5489 
   8       1.0900       -13.36        1.0870       -13.64          0.5565 
   9       1.0560       -14.94        1.0528       -15.20          0.5435 
  10       1.0510       -15.10        1.0477       -15.36          0.5590 
  11       1.0570       -14.79        1.0536       -15.07          0.5772 
  12       1.0550       -15.08        1.0541       -15.24          0.2908 
  13       1.0500       -15.16        1.0482       -15.33          0.3448 
  14       1.0360       -16.03        1.0329       -16.27          0.5158 
----------------------------------------------------------------------------------
Convergiu em:    3 iteraçoes com TVE medio de     0.4268 
----------------------------------------------------------------------------------
--- RESIDUOS NORMALIZADOS --------------------------------------------------------
   N    D    P  TP      Real     Medido   Estimado      Med-Est        rn 
----------------------------------------------------------------------------------
  33    9   14  4    +0.0349    +0.0365    +0.0353  +1.2739e-003      1.846 
  24    4    7  4    -0.0975    -0.0937    -0.0952  +1.5234e-003      1.744 
  25    4    9  4    -0.0037    -0.0050    -0.0024  -2.6116e-003      1.722 
  36    0    6  5    +0.0524    +0.0538    +0.0539  -4.3450e-005      1.719 
  16    0    6  2    -0.1102    -0.1099    -0.1099  -5.8852e-006      1.697 
  37    0    9  5    -0.1712    -0.1739    -0.1727  -1.1511e-003      1.695 
  19    0   13  2    -0.1386    -0.1388    -0.1389  +5.5181e-005      1.678 
  18    0   10  2    -0.0909    -0.0908    -0.0908  +2.3779e-005      1.550 
  12    9   10  1    +0.0527    +0.0543    +0.0539  +3.2463e-004      1.378 
  27    6   11  4    +0.0352    +0.0377    +0.0370  +6.0372e-004      1.337 
  38    0   10  5    -0.0587    -0.0613    -0.0606  -6.3544e-004      1.260 
  29    6   13  4    +0.0744    +0.0712    +0.0732  -1.9704e-003      1.242 
  39    0   13  5    -0.0625    -0.0626    -0.0615  -1.1368e-003      1.200 
  17    0    9  2    -0.2959    -0.2920    -0.2911  -8.5843e-004      1.194 
  13    9   14  1    +0.0934    +0.0920    +0.0917  +2.9613e-004      1.013 
   4    4    7  1    +0.2813    +0.2823    +0.2810  +1.3131e-003      0.994 
  14   12   13  1    +0.0166    +0.0206    +0.0196  +1.0292e-003      0.910 
   5    4    9  1    +0.1610    +0.1578    +0.1600  -2.2532e-003      0.903 
  20    0    1  6    +1.0600    +1.0556    +1.0569  -1.3464e-003      0.780 
   8    6   12  1    +0.0785    +0.0784    +0.0773  +1.1313e-003      0.746 
   1    1    2  1    +1.5680    +1.5628    +1.5593  +3.4265e-003      0.694 
   2    1    5  1    +0.7546    +0.7433    +0.7470  -3.6625e-003      0.662 
   9    6   13  1    +0.1793    +0.1802    +0.1811  -8.2366e-004      0.619 
   6    5    2  1    -0.4054    -0.4001    -0.3987  -1.4048e-003      0.617 
  28    6   12  4    +0.0255    +0.0225    +0.0219  +6.2190e-004      0.511 
  34   12   13  4    +0.0080    +0.0093    +0.0099  -5.6938e-004      0.429 
  32    9   10  4    +0.0427    +0.0441    +0.0443  -2.4427e-004      0.342 
  30    7    8  4    -0.1688    -0.1672    -0.1674  +2.6758e-004      0.130 
  31    8    7  4    +0.1733    +0.1721    +0.1718  +2.6007e-004      0.130 
  21    1    2  4    -0.2039    -0.2029    -0.2030  +5.1522e-005      0.058 
  22    1    5  4    +0.0363    +0.0337    +0.0337  -4.2081e-005      0.032 
  26    5    2  4    -0.0185    -0.0169    -0.0169  -1.9577e-005      0.021 
  10    7    8  1    +0.0000    +0.0003    +0.0003  -1.0004e-005      0.008 
  11    8    7  1    +0.0000    -0.0003    -0.0003  -9.9958e-006      0.008 
  35    0    3  5    +0.0597    +0.0616    +0.0616  -3.7786e-007      0.000 
  15    0    3  2    -0.9441    -0.9452    -0.9452  +1.4832e-007      0.000 
----------------------------------------------------------------------------------
Não foram identificados erros grosseiros.
Medida crítica   15!
Medida crítica   35!
Possíveis conjuntos críticos:
Conjunto 1: 11 10
Conjunto 2: 31 30
Conjunto 3: 6 9
Conjunto 4: 5 14
Conjunto 5: 17 39
Conjunto 6: 37 16
Conjunto 7: 36 25
Medidas com alta correlação: 11 e 10 
Medidas com alta correlação: 31 e 30 
Não há medidas de ângulo.
Medidores desabilitados:
Medidor 3.
Medidor 7.
Medidor 23.
Medidor 27.
============= Estado Ref =============== Estado Est ================ TVE =========
Barra     Mod(pu)    Ang(graus)      Mod(pu)   Ang(graus)            (%)         
----------------------------------------------------------------------------------
   1       1.0600         0.00        1.0568         0.00          0.3033 
   2       1.0450        -4.98        1.0418        -4.98          0.3022 
   3       1.0100       -12.73        1.0098       -12.92          0.3360 
   4       1.0180       -10.31        1.0201       -10.66          0.6479 
   5       1.0200        -8.77        1.0175        -8.74          0.2549 
   6       1.0700       -14.22        1.0710       -14.37          0.2818 
   7       1.0620       -13.36        1.0636       -13.70          0.6089 
   8       1.0900       -13.36        1.0913       -13.70          0.6070 
   9       1.0560       -14.94        1.0575       -15.25          0.5567 
  10       1.0510       -15.10        1.0524       -15.41          0.5608 
  11       1.0570       -14.79        1.0586       -15.12          0.6026 
  12       1.0550       -15.08        1.0571       -15.23          0.3347 
  13       1.0500       -15.16        1.0513       -15.33          0.3266 
  14       1.0360       -16.03        1.0374       -16.30          0.4965 
----------------------------------------------------------------------------------
Convergiu em:    3 iteraçoes com TVE medio de     0.4443 
----------------------------------------------------------------------------------
--- RESIDUOS NORMALIZADOS --------------------------------------------------------
   N    D    P  TP      Real     Medido   Estimado      Med-Est        rn 
----------------------------------------------------------------------------------
  24    4    7  4    -0.0975    -0.0937    -0.0951  +1.4253e-003      1.637 
  25    4    9  4    -0.0037    -0.0050    -0.0025  -2.4418e-003      1.615 
  33    9   14  4    +0.0349    +0.0365    +0.0361  +4.2134e-004      1.603 
  37    0    9  5    -0.1712    -0.1739    -0.1728  -1.0750e-003      1.589 
  32    9   10  4    +0.0427    +0.0441    +0.0435  +5.7631e-004      1.583 
  18    0   10  2    -0.0909    -0.0908    -0.0908  +3.4384e-006      1.535 
  36    0    6  5    +0.0524    +0.0538    +0.0539  -3.7757e-005      1.524 
  38    0   10  5    -0.0587    -0.0613    -0.0613  +3.7938e-005      1.512 
  19    0   13  2    -0.1386    -0.1388    -0.1388  +4.9029e-005      1.511 
  39    0   13  5    -0.0625    -0.0626    -0.0627  +1.2407e-004      1.509 
  16    0    6  2    -0.1102    -0.1099    -0.1099  -5.0749e-006      1.494 
  12    9   10  1    +0.0527    +0.0543    +0.0540  +2.7883e-004      1.196 
  17    0    9  2    -0.2959    -0.2920    -0.2911  -8.5165e-004      1.184 
  13    9   14  1    +0.0934    +0.0920    +0.0917  +3.1932e-004      1.095 
   4    4    7  1    +0.2813    +0.2823    +0.2810  +1.3216e-003      1.000 
  14   12   13  1    +0.0166    +0.0206    +0.0195  +1.1236e-003      0.996 
   5    4    9  1    +0.1610    +0.1578    +0.1601  -2.2855e-003      0.916 
   8    6   12  1    +0.0785    +0.0784    +0.0771  +1.2692e-003      0.839 
   9    6   13  1    +0.1793    +0.1802    +0.1813  -1.0374e-003      0.785 
   1    1    2  1    +1.5680    +1.5628    +1.5593  +3.4312e-003      0.695 
  20    0    1  6    +1.0600    +1.0556    +1.0568  -1.1951e-003      0.694 
   2    1    5  1    +0.7546    +0.7433    +0.7470  -3.6548e-003      0.661 
   6    5    2  1    -0.4054    -0.4001    -0.3987  -1.4133e-003      0.620 
  28    6   12  4    +0.0255    +0.0225    +0.0218  +6.4449e-004      0.530 
  34   12   13  4    +0.0080    +0.0093    +0.0090  +2.9374e-004      0.253 
  29    6   13  4    +0.0744    +0.0712    +0.0714  -1.9782e-004      0.227 
  30    7    8  4    -0.1688    -0.1672    -0.1675  +2.8547e-004      0.139 
  31    8    7  4    +0.1733    +0.1721    +0.1718  +2.7757e-004      0.139 
  21    1    2  4    -0.2039    -0.2029    -0.2030  +5.8520e-005      0.066 
  22    1    5  4    +0.0363    +0.0337    +0.0338  -5.7088e-005      0.044 
  26    5    2  4    -0.0185    -0.0169    -0.0169  -2.7020e-005      0.028 
  10    7    8  1    +0.0000    +0.0003    +0.0003  -1.0005e-005      0.008 
  11    8    7  1    +0.0000    -0.0003    -0.0003  -9.9954e-006      0.008 
  35    0    3  5    +0.0597    +0.0616    +0.0616  -3.8495e-007      0.000 
  15    0    3  2    -0.9441    -0.9452    -0.9452  +2.4398e-007      0.000 
----------------------------------------------------------------------------------
Não foram identificados erros grosseiros.
Medida crítica   15!
Medida crítica   35!
Possíveis conjuntos críticos:
Conjunto 1: 11 10
Conjunto 2: 31 30
Conjunto 3: 20 1
Conjunto 4: 14 4
Conjunto 5: 17 12
Conjunto 6: 39 19 38 36
Conjunto 7: 19 38 36
Conjunto 8: 38 36
Conjunto 9: 36 18
Conjunto 10: 32 37
Conjunto 11: 37 33
Conjunto 12: 33 25
Medidas com alta correlação: 11 e 10 
Medidas com alta correlação: 31 e 30 
Medidas com alta correlação: 38 e 36 
Medidas com alta correlação: 38 e 36 
Medidas com alta correlação: 38 e 36 
Medidas com alta correlação: 36 e 18 
Não há medidas de ângulo.
Medidores desabilitados:
Medidor 3.
Medidor 23.
Medidor 27.
============= Estado Ref =============== Estado Est ================ TVE =========
Barra     Mod(pu)    Ang(graus)      Mod(pu)   Ang(graus)            (%)         
----------------------------------------------------------------------------------
   1       1.0600         0.00        1.0568         0.00          0.3066 
   2       1.0450        -4.98        1.0418        -4.98          0.3056 
   3       1.0100       -12.73        1.0101       -12.79          0.1002 
   4       1.0180       -10.31        1.0209       -10.41          0.3289 
   5       1.0200        -8.77        1.0174        -8.74          0.2581 
   6       1.0700       -14.22        1.0711       -14.21          0.1075 
   7       1.0620       -13.36        1.0644       -13.44          0.2621 
   8       1.0900       -13.36        1.0921       -13.44          0.2387 
   9       1.0560       -14.94        1.0582       -14.99          0.2294 
  10       1.0510       -15.10        1.0532       -15.15          0.2245 
  11       1.0570       -14.79        1.0595       -14.85          0.2572 
  12       1.0550       -15.08        1.0572       -15.07          0.2079 
  13       1.0500       -15.16        1.0515       -15.16          0.1452 
  14       1.0360       -16.03        1.0381       -16.05          0.2063 
----------------------------------------------------------------------------------
Convergiu em:    3 iteraçoes com TVE medio de     0.2270 
----------------------------------------------------------------------------------
--- RESIDUOS NORMALIZADOS --------------------------------------------------------
   N    D    P  TP      Real     Medido   Estimado      Med-Est        rn 
----------------------------------------------------------------------------------
  38    0   10  5    -0.0587    -0.0613    -0.0613  +4.8162e-005      1.797 
  33    9   14  4    +0.0349    +0.0365    +0.0361  +4.3683e-004      1.659 
  24    4    7  4    -0.0975    -0.0937    -0.0951  +1.4073e-003      1.616 
  32    9   10  4    +0.0427    +0.0441    +0.0435  +5.8808e-004      1.615 
  25    4    9  4    -0.0037    -0.0050    -0.0026  -2.4103e-003      1.594 
  37    0    9  5    -0.1712    -0.1739    -0.1728  -1.0607e-003      1.568 
  36    0    6  5    +0.0524    +0.0538    +0.0539  -3.6424e-005      1.469 
  12    9   10  1    +0.0527    +0.0543    +0.0534  +8.9977e-004      1.449 
  16    0    6  2    -0.1102    -0.1099    -0.1099  -4.7596e-006      1.442 
  14   12   13  1    +0.0166    +0.0206    +0.0188  +1.8608e-003      1.411 
  17    0    9  2    -0.2959    -0.2920    -0.2911  -8.5603e-004      1.191 
  19    0   13  2    -0.1386    -0.1388    -0.1401  +1.3458e-003      1.119 
  18    0   10  2    -0.0909    -0.0908    -0.0913  +5.4457e-004      1.086 
   7    6   11  1    +0.0734    +0.0760    +0.0765  -5.1574e-004      1.079 
   4    4    7  1    +0.2813    +0.2823    +0.2810  +1.3336e-003      1.009 
   8    6   12  1    +0.0785    +0.0784    +0.0769  +1.4785e-003      0.969 
   5    4    9  1    +0.1610    +0.1578    +0.1601  -2.3110e-003      0.927 
  39    0   13  5    -0.0625    -0.0626    -0.0627  +7.2861e-005      0.768 
   1    1    2  1    +1.5680    +1.5628    +1.5593  +3.4323e-003      0.695 
  20    0    1  6    +1.0600    +1.0556    +1.0568  -1.1602e-003      0.674 
   2    1    5  1    +0.7546    +0.7433    +0.7470  -3.6530e-003      0.661 
   6    5    2  1    -0.4054    -0.4001    -0.3987  -1.4152e-003      0.621 
  13    9   14  1    +0.0934    +0.0920    +0.0925  -4.5305e-004      0.586 
  28    6   12  4    +0.0255    +0.0225    +0.0219  +5.4044e-004      0.443 
   9    6   13  1    +0.1793    +0.1802    +0.1793  +9.1915e-004      0.410 
  29    6   13  4    +0.0744    +0.0712    +0.0714  -1.9664e-004      0.226 
  30    7    8  4    -0.1688    -0.1672    -0.1675  +2.8853e-004      0.141 
  31    8    7  4    +0.1733    +0.1721    +0.1718  +2.8055e-004      0.141 
  34   12   13  4    +0.0080    +0.0093    +0.0092  +1.0848e-004      0.093 
  21    1    2  4    -0.2039    -0.2029    -0.2030  +6.0145e-005      0.067 
  22    1    5  4    +0.0363    +0.0337    +0.0338  -6.0554e-005      0.046 
  26    5    2  4    -0.0185    -0.0169    -0.0169  -2.8741e-005      0.030 
  10    7    8  1    +0.0000    +0.0003    +0.0003  -1.0005e-005      0.008 
  11    8    7  1    +0.0000    -0.0003    -0.0003  -9.9953e-006      0.008 
  35    0    3  5    +0.0597    +0.0616    +0.0616  -3.7605e-007      0.000 
  15    0    3  2    -0.9441    -0.9452    -0.9452  +2.7218e-007      0.000 
----------------------------------------------------------------------------------
Não foram identificados erros grosseiros.
Medida crítica   15!
Medida crítica   35!
Possíveis conjuntos críticos:
Conjunto 1: 11 10
Conjunto 2: 31 30
Conjunto 3: 7 18
Conjunto 4: 16 12
Conjunto 5: 32 24
Medidas com alta correlação: 11 e 10 
Medidas com alta correlação: 31 e 30 
Não há medidas de ângulo.
Medidores desabilitados:
Medidor 3.
Medidor 23.
============= Estado Ref =============== Estado Est ================ TVE =========
Barra     Mod(pu)    Ang(graus)      Mod(pu)   Ang(graus)            (%)         
----------------------------------------------------------------------------------
   1       1.0600         0.00        1.0569         0.00          0.2932 
   2       1.0450        -4.98        1.0419        -4.98          0.2920 
   3       1.0100       -12.73        1.0079       -12.78          0.2264 
   4       1.0180       -10.31        1.0166       -10.34          0.1511 
   5       1.0200        -8.77        1.0176        -8.73          0.2453 
   6       1.0700       -14.22        1.0684       -14.22          0.1531 
   7       1.0620       -13.36        1.0601       -13.40          0.1916 
   8       1.0900       -13.36        1.0879       -13.40          0.2042 
   9       1.0560       -14.94        1.0538       -14.96          0.2118 
  10       1.0510       -15.10        1.0486       -15.12          0.2276 
  11       1.0570       -14.79        1.0547       -14.82          0.2210 
  12       1.0550       -15.08        1.0544       -15.09          0.0626 
  13       1.0500       -15.16        1.0485       -15.17          0.1442 
  14       1.0360       -16.03        1.0338       -16.04          0.2149 
----------------------------------------------------------------------------------
Convergiu em:    3 iteraçoes com TVE medio de     0.2028 
----------------------------------------------------------------------------------
--- RESIDUOS NORMALIZADOS --------------------------------------------------------
   N    D    P  TP      Real     Medido   Estimado      Med-Est        rn 
----------------------------------------------------------------------------------
  33    9   14  4    +0.0349    +0.0365    +0.0353  +1.2448e-003      1.803 
  24    4    7  4    -0.0975    -0.0937    -0.0952  +1.5019e-003      1.718 
  25    4    9  4    -0.0037    -0.0050    -0.0024  -2.5742e-003      1.697 
  37    0    9  5    -0.1712    -0.1739    -0.1727  -1.1341e-003      1.670 
  36    0    6  5    +0.0524    +0.0538    +0.0539  -4.1739e-005      1.650 
  16    0    6  2    -0.1102    -0.1099    -0.1099  -5.5073e-006      1.631 
  12    9   10  1    +0.0527    +0.0543    +0.0534  +8.9584e-004      1.440 
  14   12   13  1    +0.0166    +0.0206    +0.0189  +1.7123e-003      1.293 
  27    6   11  4    +0.0352    +0.0377    +0.0371  +5.7334e-004      1.267 
  17    0    9  2    -0.2959    -0.2920    -0.2911  -8.6215e-004      1.199 
  29    6   13  4    +0.0744    +0.0712    +0.0731  -1.8813e-003      1.184 
  39    0   13  5    -0.0625    -0.0626    -0.0615  -1.1210e-003      1.183 
  38    0   10  5    -0.0587    -0.0613    -0.0607  -5.9154e-004      1.169 
  18    0   10  2    -0.0909    -0.0908    -0.0913  +5.2266e-004      1.039 
  19    0   13  2    -0.1386    -0.1388    -0.1400  +1.2487e-003      1.037 
   4    4    7  1    +0.2813    +0.2823    +0.2810  +1.3246e-003      1.002 
   7    6   11  1    +0.0734    +0.0760    +0.0765  -4.7457e-004      0.991 
   5    4    9  1    +0.1610    +0.1578    +0.1601  -2.2785e-003      0.913 
   8    6   12  1    +0.0785    +0.0784    +0.0771  +1.3307e-003      0.870 
  20    0    1  6    +1.0600    +1.0556    +1.0569  -1.3022e-003      0.754 
   1    1    2  1    +1.5680    +1.5628    +1.5593  +3.4279e-003      0.694 
   2    1    5  1    +0.7546    +0.7433    +0.7470  -3.6602e-003      0.662 
   6    5    2  1    -0.4054    -0.4001    -0.3987  -1.4073e-003      0.618 
  13    9   14  1    +0.0934    +0.0920    +0.0924  -4.1613e-004      0.537 
  34   12   13  4    +0.0080    +0.0093    +0.0100  -6.9694e-004      0.523 
  28    6   12  4    +0.0255    +0.0225    +0.0220  +5.2713e-004      0.432 
   9    6   13  1    +0.1793    +0.1802    +0.1793  +9.6578e-004      0.430 
  32    9   10  4    +0.0427    +0.0441    +0.0443  -1.9139e-004      0.268 
  30    7    8  4    -0.1688    -0.1672    -0.1675  +2.7131e-004      0.132 
  31    8    7  4    +0.1733    +0.1721    +0.1718  +2.6371e-004      0.132 
  21    1    2  4    -0.2039    -0.2029    -0.2030  +5.3570e-005      0.060 
  22    1    5  4    +0.0363    +0.0337    +0.0337  -4.6463e-005      0.036 
  26    5    2  4    -0.0185    -0.0169    -0.0169  -2.1751e-005      0.023 
  10    7    8  1    +0.0000    +0.0003    +0.0003  -1.0004e-005      0.008 
  11    8    7  1    +0.0000    -0.0003    -0.0003  -9.9956e-006      0.008 
  35    0    3  5    +0.0597    +0.0616    +0.0616  -3.2741e-007      0.000 
  15    0    3  2    -0.9441    -0.9452    -0.9452  +1.8313e-007      0.000 
----------------------------------------------------------------------------------
Não foram identificados erros grosseiros.
Medida crítica   15!
Medida crítica   35!
Possíveis conjuntos críticos:
Conjunto 1: 11 10
Conjunto 2: 31 30
Conjunto 3: 9 28
Conjunto 4: 19 18
Conjunto 5: 39 29
Medidas com alta correlação: 11 e 10 
Medidas com alta correlação: 31 e 30 
Não há medidas de ângulo.
Medidores desabilitados:
Medidor 3.
Medidor 16.
Medidor 23.
----------------------------------------------------------------------------------
Não convergiu em  100 iteraçoes.
----------------------------------------------------------------------------------
--- RESIDUOS NORMALIZADOS --------------------------------------------------------
   N    D    P  TP      Real     Medido   Estimado      Med-Est        rn 
----------------------------------------------------------------------------------
  33    9   14  4    +0.0349    +0.0365        NaN         NaN      1.803 
  24    4    7  4    -0.0975    -0.0937        NaN         NaN      1.718 
  25    4    9  4    -0.0037    -0.0050        NaN         NaN      1.697 
  37    0    9  5    -0.1712    -0.1739        NaN         NaN      1.670 
  36    0    6  5    +0.0524    +0.0538        NaN         NaN      1.650 
  12    9   10  1    +0.0527    +0.0543        NaN         NaN      1.440 
  14   12   13  1    +0.0166    +0.0206        NaN         NaN      1.293 
  27    6   11  4    +0.0352    +0.0377        NaN         NaN      1.267 
  17    0    9  2    -0.2959    -0.2920        NaN         NaN      1.199 
  29    6   13  4    +0.0744    +0.0712        NaN         NaN      1.184 
  39    0   13  5    -0.0625    -0.0626        NaN         NaN      1.183 
  38    0   10  5    -0.0587    -0.0613        NaN         NaN      1.169 
  18    0   10  2    -0.0909    -0.0908        NaN         NaN      1.039 
  19    0   13  2    -0.1386    -0.1388        NaN         NaN      1.037 
   4    4    7  1    +0.2813    +0.2823        NaN         NaN      1.002 
   7    6   11  1    +0.0734    +0.0760        NaN         NaN      0.991 
   5    4    9  1    +0.1610    +0.1578        NaN         NaN      0.913 
   8    6   12  1    +0.0785    +0.0784        NaN         NaN      0.870 
  20    0    1  6    +1.0600    +1.0556        NaN         NaN      0.754 
   1    1    2  1    +1.5680    +1.5628        NaN         NaN      0.694 
   2    1    5  1    +0.7546    +0.7433        NaN         NaN      0.662 
   6    5    2  1    -0.4054    -0.4001        NaN         NaN      0.618 
  13    9   14  1    +0.0934    +0.0920        NaN         NaN      0.537 
  34   12   13  4    +0.0080    +0.0093        NaN         NaN      0.523 
  28    6   12  4    +0.0255    +0.0225        NaN         NaN      0.432 
   9    6   13  1    +0.1793    +0.1802        NaN         NaN      0.430 
  32    9   10  4    +0.0427    +0.0441        NaN         NaN      0.268 
  30    7    8  4    -0.1688    -0.1672        NaN         NaN      0.132 
  31    8    7  4    +0.1733    +0.1721        NaN         NaN      0.132 
  21    1    2  4    -0.2039    -0.2029        NaN         NaN      0.060 
  22    1    5  4    +0.0363    +0.0337        NaN         NaN      0.036 
  26    5    2  4    -0.0185    -0.0169        NaN         NaN      0.023 
  10    7    8  1    +0.0000    +0.0003        NaN         NaN      0.008 
  11    8    7  1    +0.0000    -0.0003        NaN         NaN      0.008 
  35    0    3  5    +0.0597    +0.0616        NaN         NaN      0.000 
  15    0    3  2    -0.9441    -0.9452        NaN         NaN      0.000 
----------------------------------------------------------------------------------
Não foram identificados erros grosseiros.
Não foram identificadas medidas críticas.
Possíveis conjuntos críticos:
Conjunto 1: 11 10
Conjunto 2: 31 30
Conjunto 3: 9 28
Conjunto 4: 19 18
Conjunto 5: 39 29
Não há medidas de ângulo.
Medidores desabilitados:
Medidor 3.
Medidor 23.
============= Estado Ref =============== Estado Est ================ TVE =========
Barra     Mod(pu)    Ang(graus)      Mod(pu)   Ang(graus)            (%)         
----------------------------------------------------------------------------------
   1       1.0600         0.00        1.0569         0.00          0.2932 
   2       1.0450        -4.98        1.0419        -4.98          0.2920 
   3       1.0100       -12.73        1.0079       -12.78          0.2264 
   4       1.0180       -10.31        1.0166       -10.34          0.1511 
   5       1.0200        -8.77        1.0176        -8.73          0.2453 
   6       1.0700       -14.22        1.0684       -14.22          0.1531 
   7       1.0620       -13.36        1.0601       -13.40          0.1916 
   8       1.0900       -13.36        1.0879       -13.40          0.2042 
   9       1.0560       -14.94        1.0538       -14.96          0.2118 
  10       1.0510       -15.10        1.0486       -15.12          0.2276 
  11       1.0570       -14.79        1.0547       -14.82          0.2210 
  12       1.0550       -15.08        1.0544       -15.09          0.0626 
  13       1.0500       -15.16        1.0485       -15.17          0.1442 
  14       1.0360       -16.03        1.0338       -16.04          0.2149 
----------------------------------------------------------------------------------
Convergiu em:    3 iteraçoes com TVE medio de     0.2028 
----------------------------------------------------------------------------------
--- RESIDUOS NORMALIZADOS --------------------------------------------------------
   N    D    P  TP      Real     Medido   Estimado      Med-Est        rn 
----------------------------------------------------------------------------------
  33    9   14  4    +0.0349    +0.0365    +0.0353  +1.2448e-003      1.803 
  24    4    7  4    -0.0975    -0.0937    -0.0952  +1.5019e-003      1.718 
  25    4    9  4    -0.0037    -0.0050    -0.0024  -2.5742e-003      1.697 
  37    0    9  5    -0.1712    -0.1739    -0.1727  -1.1341e-003      1.670 
  36    0    6  5    +0.0524    +0.0538    +0.0539  -4.1739e-005      1.650 
  16    0    6  2    -0.1102    -0.1099    -0.1099  -5.5073e-006      1.631 
  12    9   10  1    +0.0527    +0.0543    +0.0534  +8.9584e-004      1.440 
  14   12   13  1    +0.0166    +0.0206    +0.0189  +1.7123e-003      1.293 
  27    6   11  4    +0.0352    +0.0377    +0.0371  +5.7334e-004      1.267 
  17    0    9  2    -0.2959    -0.2920    -0.2911  -8.6215e-004      1.199 
  29    6   13  4    +0.0744    +0.0712    +0.0731  -1.8813e-003      1.184 
  39    0   13  5    -0.0625    -0.0626    -0.0615  -1.1210e-003      1.183 
  38    0   10  5    -0.0587    -0.0613    -0.0607  -5.9154e-004      1.169 
  18    0   10  2    -0.0909    -0.0908    -0.0913  +5.2266e-004      1.039 
  19    0   13  2    -0.1386    -0.1388    -0.1400  +1.2487e-003      1.037 
   4    4    7  1    +0.2813    +0.2823    +0.2810  +1.3246e-003      1.002 
   7    6   11  1    +0.0734    +0.0760    +0.0765  -4.7457e-004      0.991 
   5    4    9  1    +0.1610    +0.1578    +0.1601  -2.2785e-003      0.913 
   8    6   12  1    +0.0785    +0.0784    +0.0771  +1.3307e-003      0.870 
  20    0    1  6    +1.0600    +1.0556    +1.0569  -1.3022e-003      0.754 
   1    1    2  1    +1.5680    +1.5628    +1.5593  +3.4279e-003      0.694 
   2    1    5  1    +0.7546    +0.7433    +0.7470  -3.6602e-003      0.662 
   6    5    2  1    -0.4054    -0.4001    -0.3987  -1.4073e-003      0.618 
  13    9   14  1    +0.0934    +0.0920    +0.0924  -4.1613e-004      0.537 
  34   12   13  4    +0.0080    +0.0093    +0.0100  -6.9694e-004      0.523 
  28    6   12  4    +0.0255    +0.0225    +0.0220  +5.2713e-004      0.432 
   9    6   13  1    +0.1793    +0.1802    +0.1793  +9.6578e-004      0.430 
  32    9   10  4    +0.0427    +0.0441    +0.0443  -1.9139e-004      0.268 
  30    7    8  4    -0.1688    -0.1672    -0.1675  +2.7131e-004      0.132 
  31    8    7  4    +0.1733    +0.1721    +0.1718  +2.6371e-004      0.132 
  21    1    2  4    -0.2039    -0.2029    -0.2030  +5.3570e-005      0.060 
  22    1    5  4    +0.0363    +0.0337    +0.0337  -4.6463e-005      0.036 
  26    5    2  4    -0.0185    -0.0169    -0.0169  -2.1751e-005      0.023 
  10    7    8  1    +0.0000    +0.0003    +0.0003  -1.0004e-005      0.008 
  11    8    7  1    +0.0000    -0.0003    -0.0003  -9.9956e-006      0.008 
  35    0    3  5    +0.0597    +0.0616    +0.0616  -3.2741e-007      0.000 
  15    0    3  2    -0.9441    -0.9452    -0.9452  +1.8313e-007      0.000 
----------------------------------------------------------------------------------
Não foram identificados erros grosseiros.
Medida crítica   15!
Medida crítica   35!
Possíveis conjuntos críticos:
Conjunto 1: 11 10
Conjunto 2: 31 30
Conjunto 3: 9 28
Conjunto 4: 19 18
Conjunto 5: 39 29
Medidas com alta correlação: 11 e 10 
Medidas com alta correlação: 31 e 30 
Não há medidas de ângulo.
Medidores desabilitados:
Medidor 3.
============= Estado Ref =============== Estado Est ================ TVE =========
Barra     Mod(pu)    Ang(graus)      Mod(pu)   Ang(graus)            (%)         
----------------------------------------------------------------------------------
   1       1.0600         0.00        1.0545         0.00          0.5144 
   2       1.0450        -4.98        1.0396        -5.00          0.5170 
   3       1.0100       -12.73        1.0044       -12.85          0.5879 
   4       1.0180       -10.31        1.0126       -10.38          0.5404 
   5       1.0200        -8.77        1.0151        -8.77          0.4762 
   6       1.0700       -14.22        1.0650       -14.30          0.4884 
   7       1.0620       -13.36        1.0563       -13.46          0.5692 
   8       1.0900       -13.36        1.0842       -13.47          0.5643 
   9       1.0560       -14.94        1.0499       -15.04          0.6038 
  10       1.0510       -15.10        1.0448       -15.20          0.6179 
  11       1.0570       -14.79        1.0511       -14.89          0.5861 
  12       1.0550       -15.08        1.0508       -15.17          0.4233 
  13       1.0500       -15.16        1.0449       -15.25          0.5064 
  14       1.0360       -16.03        1.0298       -16.12          0.6166 
----------------------------------------------------------------------------------
Convergiu em:    3 iteraçoes com TVE medio de     0.5437 
----------------------------------------------------------------------------------
--- RESIDUOS NORMALIZADOS --------------------------------------------------------
   N    D    P  TP      Real     Medido   Estimado      Med-Est        rn 
----------------------------------------------------------------------------------
  33    9   14  4    +0.0349    +0.0365    +0.0351  +1.4620e-003      2.042 
  24    4    7  4    -0.0975    -0.0937    -0.0956  +1.9450e-003      2.036 
  37    0    9  5    -0.1712    -0.1739    -0.1724  -1.4860e-003      1.997 
  16    0    6  2    -0.1102    -0.1099    -0.1099  -1.4767e-005      1.808 
  12    9   10  1    +0.0527    +0.0543    +0.0532  +1.0243e-003      1.621 
  25    4    9  4    -0.0037    -0.0050    -0.0026  -2.3986e-003      1.573 
  29    6   13  4    +0.0744    +0.0712    +0.0739  -2.7188e-003      1.555 
  18    0   10  2    -0.0909    -0.0908    -0.0914  +6.6071e-004      1.277 
  39    0   13  5    -0.0625    -0.0626    -0.0614  -1.2025e-003      1.266 
  14   12   13  1    +0.0166    +0.0206    +0.0190  +1.6719e-003      1.262 
   7    6   11  1    +0.0734    +0.0760    +0.0766  -6.1378e-004      1.243 
  35    0    3  5    +0.0597    +0.0616    +0.0611  +4.7070e-004      1.153 
  23    2    3  4    +0.0355    +0.0369    +0.0361  +8.3502e-004      1.150 
  15    0    3  2    -0.9441    -0.9452    -0.9472  +2.0491e-003      1.147 
  17    0    9  2    -0.2959    -0.2920    -0.2912  -8.0961e-004      1.123 
  36    0    6  5    +0.0524    +0.0538    +0.0533  +5.6325e-004      1.069 
  19    0   13  2    -0.1386    -0.1388    -0.1399  +1.1400e-003      0.943 
   5    4    9  1    +0.1610    +0.1578    +0.1601  -2.2975e-003      0.921 
   8    6   12  1    +0.0785    +0.0784    +0.0771  +1.3140e-003      0.859 
   4    4    7  1    +0.2813    +0.2823    +0.2812  +1.1355e-003      0.852 
   1    1    2  1    +1.5680    +1.5628    +1.5589  +3.8365e-003      0.775 
   2    1    5  1    +0.7546    +0.7433    +0.7470  -3.6218e-003      0.655 
  32    9   10  4    +0.0427    +0.0441    +0.0435  +5.5935e-004      0.577 
   6    5    2  1    -0.4054    -0.4001    -0.3988  -1.2947e-003      0.567 
  34   12   13  4    +0.0080    +0.0093    +0.0100  -6.8725e-004      0.516 
  13    9   14  1    +0.0934    +0.0920    +0.0924  -3.7600e-004      0.485 
  27    6   11  4    +0.0352    +0.0377    +0.0380  -3.7058e-004      0.395 
  20    0    1  6    +1.0600    +1.0556    +1.0545  +1.0429e-003      0.390 
   9    6   13  1    +0.1793    +0.1802    +0.1794  +8.2726e-004      0.368 
  22    1    5  4    +0.0363    +0.0337    +0.0342  -4.5657e-004      0.337 
  21    1    2  4    -0.2039    -0.2029    -0.2032  +2.7441e-004      0.301 
  38    0   10  5    -0.0587    -0.0613    -0.0611  -1.3809e-004      0.215 
  31    8    7  4    +0.1733    +0.1721    +0.1719  +2.4929e-004      0.125 
  30    7    8  4    -0.1688    -0.1672    -0.1674  +2.5452e-004      0.124 
  28    6   12  4    +0.0255    +0.0225    +0.0224  +1.0588e-004      0.083 
  26    5    2  4    -0.0185    -0.0169    -0.0170  +6.0889e-005      0.064 
  11    8    7  1    +0.0000    -0.0003    -0.0003  -1.0006e-005      0.008 
  10    7    8  1    +0.0000    +0.0003    +0.0003  -9.9936e-006      0.008 
----------------------------------------------------------------------------------
Não foram identificados erros grosseiros.
Não foram identificadas medidas críticas.
Possíveis conjuntos críticos:
Conjunto 1: 10 11
Conjunto 2: 30 31
Conjunto 3: 4 8
Conjunto 4: 15 23 35
Conjunto 5: 23 35
Conjunto 6: 14 39
Conjunto 7: 39 18
Conjunto 8: 24 33
Medidas com alta correlação: 10 e 11 
Medidas com alta correlação: 30 e 31 
Medidas com alta correlação: 15 e 23 
Medidas com alta correlação: 15 e 35 
Medidas com alta correlação: 23 e 35 
Medidas com alta correlação: 23 e 35 
